1	69091	70008	 OR4F5
1	134901	139379	 AL627309.1
1	367640	368634	 OR4F29
1	621059	622053	 OR4F16
1	738532	739137	 AL669831.1
1	818043	819983	 AL645608.2
1	860260	879955	 SAMD11
1	861264	866445	 AL645608.1
1	879584	894689	 NOC2L
1	895967	901095	 KLHL17
1	901877	911245	 PLEKHN1
1	910579	917497	 C1orf170
1	934342	935552	 HES4
1	948803	949920	 ISG15
1	955503	991496	 AGRN
1	1006346	1009687	 RNF223
1	1017198	1051741	 C1orf159
1	1109264	1133315	 TTLL10
1	1138888	1142071	 TNFRSF18
1	1146706	1149518	 TNFRSF4
1	1152288	1167411	 SDF4
1	1167629	1170421	 B3GALT6
1	1177826	1182102	 FAM132A
1	1189289	1209265	 UBE2J2
1	1215816	1227409	 SCNN1D
1	1227756	1244989	 ACAP3
1	1243947	1247057	 PUSL1
1	1246965	1260071	 CPSF3L
1	1260136	1264277	 GLTPD1
1	1266694	1270686	 TAS1R3
1	1270656	1284730	 DVL1
1	1288069	1297157	 MXRA8
1	1309110	1310875	 AURKAIP1
1	1321091	1334708	 CCNL2
1	1334902	1337426	 RP4-758J18.2
1	1337288	1342693	 MRPL20
1	1353800	1357149	 ANKRD65
1	1361508	1363167	 TMEM88B
1	1370241	1378262	 VWA1
1	1385069	1405538	 ATAD3C
1	1407143	1433228	 ATAD3B
1	1447531	1470067	 ATAD3A
1	1470554	1475833	 TMEM240
1	1477053	1510249	 SSU72
1	1510355	1511373	 AL645728.1
1	1533392	1535476	 C1orf233
1	1550795	1565990	 MIB2
1	1567474	1570639	 MMP23B
1	1570603	1590473	 CDK11B
1	1592939	1624167	 SLC35E2B
1	1634169	1655766	 CDK11A
1	1656277	1677431	 SLC35E2
1	1682671	1711896	 NADK
1	1716729	1822495	 GNB1
1	1846266	1848735	 CALML6
1	1849029	1850712	 TMEM52
1	1853396	1935276	 C1orf222
1	1950780	1962192	 GABRD
1	1981909	2116834	 PRKCZ
1	2115903	2144159	 C1orf86
1	2121237	2123179	 AL590822.2
1	2143360	2145620	 AL590822.1
1	2160134	2241558	 SKI
1	2252692	2323146	 MORN1
1	2258581	2259042	 AL589739.1
1	2323267	2336883	 RER1
1	2336236	2345236	 PEX10
1	2357419	2436969	 PLCH2
1	2439972	2458039	 PANK4
1	2460184	2461684	 HES5
1	2487078	2496821	 TNFRSF14
1	2517930	2522908	 FAM213B
1	2522078	2564481	 MMEL1
1	2567415	2718286	 TTC34
1	2938046	2939465	 ACTRT2
1	2985732	3355185	 PRDM16
1	3370990	3397677	 ARHGEF16
1	3406484	3528059	 MEGF6
1	3541566	3546691	 TPRG1L
1	3547331	3569325	 WRAP73
1	3569084	3652765	 TP73
1	3668962	3688209	 CCDC27
1	3689352	3692546	 SMIM1
1	3696784	3713068	 LRRC47
1	3728645	3773778	 CEP104
1	3773845	3801993	 DFFB
1	3805689	3816857	 C1orf174
1	4714792	4852594	 AJAP1
1	5922871	6052533	 NPHP4
1	6051526	6161253	 KCNAB2
1	6100630	6101399	 AL035406.1
1	6161853	6240183	 CHD5
1	6241329	6269449	 RPL22
1	6265535	6281359	 RNF207
1	6281253	6296032	 ICMT
1	6304252	6305638	 HES3
1	6307406	6321035	 GPR153
1	6324329	6454451	 ACOT7
1	6472478	6484730	 HES2
1	6484848	6521430	 ESPN
1	6521211	6526255	 TNFRSF25
1	6526152	6580121	 PLEKHG5
1	6581407	6614595	 NOL9
1	6615241	6639817	 TAS1R1
1	6640061	6649340	 ZBTB48
1	6650784	6674667	 KLHL21
1	6673745	6684093	 PHF13
1	6684926	6695646	 THAP3
1	6694228	6761984	 DNAJC11
1	6845384	7829766	 CAMTA1
1	7831329	7841492	 VAMP3
1	7844380	7905237	 PER3
1	7903143	7913572	 UTS2
1	7979907	8000926	 TNFRSF9
1	8014351	8045565	 PARK7
1	8064464	8086368	 ERRFI1
1	8377886	8404227	 SLC45A1
1	8412457	8877702	 RERE
1	8921061	8939308	 ENO1
1	9005926	9035151	 CA6
1	9063359	9086404	 SLC2A7
1	9095166	9148537	 SLC2A5
1	9160364	9189229	 GPR157
1	9294834	9331396	 H6PD
1	9352939	9429591	 SPSB1
1	9599541	9645237	 SLC25A33
1	9648932	9674935	 TMEM201
1	9711790	9789172	 PIK3CD
1	9712668	9714644	 C1orf200
1	9789084	9884584	 CLSTN1
1	9908334	9970394	 CTNNBIP1
1	9982173	10003465	 LZIC
1	10003486	10045559	 NMNAT1
1	10057264	10076078	 RBP7
1	10092890	10241297	 UBE4B
1	10270863	10441661	 KIF1B
1	10458649	10480201	 PGD
1	10490159	10512210	 APITD1
1	10490159	10512210	 APITD1-CORT
1	10509776	10511959	 CORT
1	10516579	10532583	 DFFA
1	10532345	10690815	 PEX14
1	10696661	10856707	 CASZ1
1	11006528	11042094	 C1orf127
1	11072414	11085796	 TARDBP
1	11086580	11107290	 MASP2
1	11114641	11120081	 SRM
1	11126675	11159938	 EXOSC10
1	11166592	11322564	 MTOR
1	11249398	11256038	 ANGPTL7
1	11333263	11356106	 UBIAD1
1	11539223	11597641	 PTCHD2
1	11708424	11715842	 FBXO2
1	11714432	11723384	 FBXO44
1	11724181	11734411	 FBXO6
1	11734537	11751707	 MAD2L2
1	11751786	11785914	 DRAXIN
1	11796141	11814859	 AGTRAP
1	11821844	11849642	 C1orf167
1	11845780	11866977	 MTHFR
1	11866207	11903201	 CLCN6
1	11905766	11908402	 NPPA
1	11917521	11918988	 NPPB
1	11979648	11986485	 KIAA2013
1	11994262	12035595	 PLOD1
1	12040238	12073571	 MFN2
1	12079523	12092102	 MIIP
1	12123434	12204264	 TNFRSF8
1	12227060	12269285	 TNFRSF1B
1	12290124	12572099	 VPS13D
1	12627939	12677737	 DHRS3
1	12704566	12727097	 AADACL4
1	12776118	12788726	 AADACL3
1	12806163	12823847	 C1orf158
1	12834984	12838049	 PRAMEF12
1	12851546	12856777	 PRAMEF1
1	12884468	12891264	 PRAMEF11
1	12907261	12908578	 HNRNPCL1
1	12916941	12921764	 PRAMEF2
1	12939045	12946025	 PRAMEF4
1	12952727	12958101	 PRAMEF10
1	12976450	12980569	 PRAMEF7
1	12998181	13117751	 PRAMEF6
1	13035543	13038381	 PRAMEF22
1	13052394	13052998	 WI2-3308P17.2
1	13216356	13219581	 PRAMEF26
1	13328196	13331692	 PRAMEF3
1	13359819	13369057	 PRAMEF5
1	13386646	13390765	 PRAMEF8
1	13421176	13428191	 PRAMEF9
1	13447414	13452656	 PRAMEF13
1	13474689	13477522	 PRAMEF18
1	13495254	13498260	 PRAMEF16
1	13516066	13526943	 PRAMEF21
1	13641973	13648988	 PRAMEF15
1	13668269	13673511	 PRAMEF14
1	13694889	13698405	 PRAMEF19
1	13716092	13719089	 PRAMEF17
1	13736907	13747803	 PRAMEF20
1	13801445	13840543	 LRRC38
1	13909960	13944452	 PDPN
1	14026693	14151574	 PRDM2
1	14925200	15444539	 KAZN
1	15479028	15546976	 TMEM51
1	15490840	15497813	 C1orf195
1	15573768	15726779	 FHAD1
1	15736391	15756839	 EFHD2
1	15764935	15775737	 CTRC
1	15783223	15798586	 CELA2A
1	15792404	15817895	 CELA2B
1	15817327	15853029	 CASP9
1	15853308	15918874	 DNAJC16
1	15898848	15911605	 AGMAT
1	15943995	15995539	 DDI2
1	15986364	15988217	 RSC1A1
1	16010827	16061264	 PLEKHM2
1	16062900	16067891	 SLC25A34
1	16068917	16074477	 TMEM82
1	16083102	16113089	 FBLIM1
1	16174359	16266955	 SPEN
1	16268364	16302627	 ZBTB17
1	16330731	16335302	 C1orf64
1	16340523	16346089	 HSPB7
1	16345370	16360545	 CLCNKA
1	16370272	16383803	 CLCNKB
1	16384264	16400127	 FAM131C
1	16450832	16482582	 EPHA2
1	16524349	16539104	 ARHGEF19
1	16555368	16556038	 C1orf134
1	16558195	16563657	 RSG1
1	16573334	16678949	 FBXO42
1	16679070	16724640	 SZRD1
1	16713612	16763919	 SPATA21
1	16767167	16786573	 NECAP2
1	16865561	16866070	 FAM231B
1	16888814	16940057	 NBPF1
1	16999498	17000007	 FAM231A
1	17060447	17060956	 FAM231C
1	17066768	17299474	 CROCC
1	17300997	17307330	 MFAP2
1	17312453	17338423	 ATP13A2
1	17345217	17380665	 SDHB
1	17393256	17445948	 PADI2
1	17531621	17572500	 PADI1
1	17575593	17610728	 PADI3
1	17634690	17690499	 PADI4
1	17655507	17676070	 AC004824.2
1	17733256	17766220	 RCC2
1	17866330	18024369	 ARHGEF10L
1	18081808	18153558	 ACTL8
1	18434240	18704977	 IGSF21
1	18807424	18812478	 KLHDC7A
1	18957500	19075360	 PAX7
1	19166093	19186176	 TAS1R2
1	19175767	19247615	 RP13-279N23.2
1	19197926	19229275	 ALDH4A1
1	19230775	19283180	 IFFO2
1	19401000	19536770	 UBR4
1	19542158	19578046	 EMC1
1	19578033	19586622	 MRTO4
1	19609052	19615744	 AKR7A3
1	19630459	19638640	 AKR7A2
1	19638820	19655794	 PQLC2
1	19665267	19812066	 CAPZB
1	19923473	19984549	 MINOS1-NBL1
1	19923477	19956314	 MINOS1
1	19967048	19984945	 NBL1
1	19991780	20006055	 HTR6
1	20008706	20126438	 TMCO4
1	20140523	20141771	 RNF186
1	20209006	20239438	 OTUD3
1	20246502	20250110	 PLA2G2E
1	20301925	20306932	 PLA2G2A
1	20354672	20417683	 PLA2G5
1	20438432	20446050	 PLA2G2D
1	20465819	20476879	 PLA2G2F
1	20487746	20503917	 PLA2G2C
1	20512578	20522541	 UBXN10
1	20617412	20681387	 VWA5B1
1	20808884	20812713	 CAMK2N1
1	20825943	20834654	 MUL1
1	20878932	20881512	 FAM43B
1	20915441	20945401	 CDA
1	20959948	20978004	 PINK1
1	20978270	20988000	 DDOST
1	20990507	21044510	 KIF17
1	21046225	21059330	 SH2D5
1	21069154	21113816	 HP1BP3
1	21132963	21503377	 EIF4G3
1	21543740	21671997	 ECE1
1	21766621	21811498	 NBPF3
1	21835858	21904905	 ALPL
1	21922708	21995801	 RAP1GAP
1	22004791	22110099	 USP48
1	22138758	22151714	 LDLRAD2
1	22148738	22263790	 HSPG2
1	22303514	22325135	 CELA3B
1	22328149	22339032	 CELA3A
1	22379120	22419437	 CDC42
1	22443798	22470462	 WNT4
1	22778344	22857650	 ZBTB40
1	22890057	22930087	 EPHA8
1	22962999	22966101	 C1QA
1	22970123	22974603	 C1QC
1	22979255	22988031	 C1QB
1	23037332	23241818	 EPHB2
1	23279536	23291831	 LACTBL1
1	23337327	23342343	 C1orf234
1	23345941	23410182	 KDM1A
1	23410516	23504301	 LUZP1
1	23516993	23521222	 HTR1D
1	23630264	23670829	 HNRNPR
1	23685941	23695935	 ZNF436
1	23695490	23698332	 C1orf213
1	23707554	23751233	 TCEA3
1	23755056	23811061	 ASAP3
1	23832922	23857712	 E2F2
1	23884409	23886285	 ID3
1	23907985	23967058	 MDS2
1	24018269	24022915	 RPL11
1	24069645	24088549	 TCEB3
1	24104895	24114722	 PITHD1
1	24117460	24122029	 LYPLA2
1	24122089	24127271	 GALE
1	24128375	24165110	 HMGCL
1	24171567	24194784	 FUCA1
1	24197016	24285549	 CNR2
1	24285599	24289952	 PNRC2
1	24291294	24307417	 SRSF10
1	24382525	24438665	 MYOM3
1	24446261	24469611	 IL22RA1
1	24480647	24514449	 IFNLR1
1	24645812	24690972	 GRHL3
1	24683489	24743424	 STPG1
1	24742284	24799466	 NIPAL3
1	24829387	24867530	 RCAN3
1	24882602	24935819	 NCMAP
1	24958207	24999758	 SRRM1
1	25071848	25170815	 CLIC4
1	25226002	25291612	 RUNX3
1	25549170	25558993	 SYF2
1	25568728	25664704	 C1orf63
1	25598884	25656936	 RHD
1	25664408	25688852	 TMEM50A
1	25688740	25756683	 RHCE
1	25757388	25826700	 TMEM57
1	25870071	25895377	 LDLRAP1
1	25943959	26112698	 MAN1C1
1	26126667	26144713	 SEPN1
1	26137961	26150235	 RP1-317E23.6
1	26145131	26159432	 MTFR1L
1	26145212	26147288	 AL020996.1
1	26158414	26185903	 AUNIP
1	26187701	26197744	 PAQR7
1	26210672	26233482	 STMN1
1	26286258	26324648	 PAFAH2
1	26346375	26362955	 EXTL1
1	26363743	26372624	 SLC30A2
1	26377795	26394927	 TRIM63
1	26437664	26452034	 PDIK1L
1	26485511	26489119	 FAM110D
1	26496362	26498551	 ZNF593
1	26503894	26516377	 CNKSR1
1	26517052	26529459	 CATSPER4
1	26560691	26605299	 CEP85
1	26605667	26608007	 SH3BGRL3
1	26607819	26644854	 UBXN11
1	26644448	26647014	 CD52
1	26648350	26680621	 AIM1L
1	26688125	26701013	 ZNF683
1	26737269	26756213	 LIN28A
1	26758773	26797785	 DHDDS
1	26798941	26802463	 HMGN2
1	26856252	26901521	 RPS6KA1
1	27022524	27108595	 ARID1A
1	27113963	27124889	 PIGV
1	27153201	27184093	 ZDHHC18
1	27189633	27190947	 SFN
1	27202624	27216788	 GPN2
1	27216979	27226957	 GPATCH3
1	27226729	27273353	 NUDC
1	27237980	27240457	 NR0B2
1	27276053	27286897	 C1orf172
1	27320198	27327389	 TRNP1
1	27331511	27339327	 FAM46B
1	27425306	27493472	 SLC9A1
1	27561007	27635110	 WDTC1
1	27648651	27662891	 TMEM222
1	27668513	27680421	 SYTL1
1	27681675	27693383	 MAP3K6
1	27695603	27701315	 FCN3
1	27705666	27709870	 CD164L2
1	27719148	27722318	 GPR3
1	27730730	27816669	 WASF2
1	27860546	27930942	 AHDC1
1	27938575	27961788	 FGR
1	27992572	27998729	 IFI6
1	28052490	28089633	 FAM76A
1	28099694	28150963	 STX12
1	28157289	28178187	 PPP1R8
1	28177085	28177255	 AL109927.1
1	28199055	28213196	 THEMIS2
1	28218035	28241257	 RPA2
1	28261504	28285668	 SMPDL3B
1	28285973	28294607	 XKR8
1	28296855	28415207	 EYA3
1	28473677	28520447	 PTAFR
1	28525967	28559536	 DNAJC8
1	28527013	28527152	 AL353354.1
1	28527070	28527419	 AL353354.2
1	28562620	28573417	 ATPIF1
1	28586038	28609002	 SESN2
1	28655513	28662476	 MED18
1	28696114	28826881	 PHACTR4
1	28832455	28865812	 RCC1
1	28879597	28905051	 TRNAU1AP
1	28915835	28969597	 TAF12
1	28918712	28921955	 RAB42
1	28995244	29045865	 GMEB1
1	29063133	29096287	 YTHDF2
1	29138654	29190208	 OPRD1
1	29213603	29446553	 EPB41
1	29445940	29450447	 TMEM200B
1	29474255	29508499	 SRSF4
1	29519385	29557454	 MECR
1	29563028	29653325	 PTPRU
1	31184124	31196434	 MATN1
1	31205316	31230667	 LAPTM5
1	31342314	31381608	 SDC3
1	31404353	31538838	 PUM1
1	31652592	31712401	 NKAIN1
1	31732417	31769662	 SNRNP40
1	31769842	31837783	 ZCCHC17
1	31838472	31849697	 FABP3
1	31882412	31907525	 SERINC2
1	31902192	31902614	 AC114494.1
1	32042116	32053288	 TINAGL1
1	32083287	32098119	 HCRTR1
1	32095463	32110497	 PEF1
1	32117848	32169920	 COL16A1
1	32192718	32230494	 BAI2
1	32256023	32281652	 SPOCD1
1	32372022	32410457	 PTP4A2
1	32379174	32380745	 AL136115.1
1	32479430	32526451	 KHDRBS1
1	32537632	32568467	 TMEM39B
1	32573639	32642169	 KPNA6
1	32645287	32663886	 TXLNA
1	32665987	32670988	 CCDC28B
1	32671236	32674288	 IQCC
1	32674695	32681797	 DCDC2B
1	32680073	32687972	 TMEM234
1	32687529	32697205	 EIF3I
1	32712834	32714457	 FAM167B
1	32716840	32751766	 LCK
1	32757687	32799236	 HDAC1
1	32799433	32801980	 MARCKSL1
1	32817122	32829913	 TSSK3
1	32826871	32829879	 FAM229A
1	32830704	32860332	 BSDC1
1	32930658	33066393	 RP1-27O5.3
1	32930670	32962287	 ZBTB8B
1	33005028	33071540	 ZBTB8A
1	33065773	33116504	 ZBTB8OS
1	33116743	33151812	 RBBP4
1	33145507	33169197	 SYNC
1	33207486	33240571	 KIAA1522
1	33240840	33283754	 YARS
1	33282368	33324476	 S100PBP
1	33327869	33338083	 FNDC5
1	33351595	33364042	 HPCA
1	33360195	33367039	 TMEM54
1	33402046	33430286	 RNF19B
1	33439268	33439642	 FKSG48
1	33473585	33546597	 AK2
1	33546705	33586131	 ADC
1	33611003	33647660	 TRIM62
1	33722146	33766320	 ZNF362
1	33772367	33786699	 A3GALT2
1	33789224	33896653	 PHC2
1	33938246	33962107	 ZSCAN20
1	33979609	34631443	 CSMD2
1	34326076	34330392	 HMGB4
1	34632484	34684732	 C1orf94
1	35178338	35325417	 SMIM12
1	35220648	35224113	 GJB5
1	35225342	35229325	 GJB4
1	35246790	35251970	 GJB3
1	35258599	35261348	 GJA4
1	35331037	35395186	 DLGAP3
1	35447134	35497342	 RP11-244H3.4
1	35447136	35450954	 ZMYM6NB
1	35449523	35497569	 ZMYM6
1	35525387	35581460	 ZMYM1
1	35641979	35658749	 SFPQ
1	35734568	35887659	 ZMYM4
1	35899091	36023551	 KIAA0319L
1	36023074	36032875	 NCDN
1	36038971	36060929	 TFAP2E
1	36067185	36107445	 PSMB2
1	36179476	36185073	 C1orf216
1	36185819	36235568	 CLSPN
1	36273773	36323491	 AGO4
1	36335409	36395211	 AGO1
1	36396319	36538101	 AGO3
1	36549676	36553876	 TEKT2
1	36554476	36559533	 ADPRHL2
1	36560837	36590821	 COL8A2
1	36602173	36615098	 TRAPPC3
1	36621180	36646450	 MAP7D1
1	36690017	36770958	 THRAP3
1	36771988	36790484	 SH3D21
1	36787632	36789755	 EVA1B
1	36789335	36794822	 RP11-268J15.5
1	36805225	36851497	 STK40
1	36856839	36863493	 LSM10
1	36881428	36916086	 OSCP1
1	36921319	36930038	 MRPS15
1	36931644	36948879	 CSF3R
1	37261128	37499730	 GRIK3
1	37940153	37949980	 ZC3H12A
1	37958176	37980375	 MEAF6
1	38000050	38019903	 SNIP1
1	38022520	38032458	 DNALI1
1	38032417	38061536	 GNL2
1	38076951	38100595	 RSPO1
1	38147242	38157914	 C1orf109
1	38158090	38175391	 CDCA8
1	38179552	38230805	 EPHA10
1	38259474	38266809	 MANEAL
1	38268616	38273857	 YRDC
1	38272651	38275126	 C1orf122
1	38275239	38325292	 MTF1
1	38292232	38293886	 AL929472.1
1	38326369	38412729	 INPP5B
1	38422647	38456593	 SF3A3
1	38462442	38471278	 FHL3
1	38474930	38490496	 UTP11L
1	38509523	38512450	 POU3F1
1	39303870	39325495	 RRAGC
1	39328636	39347289	 MYCBP
1	39330175	39347289	 GJA9
1	39351479	39407471	 RHBDL2
1	39456895	39471731	 AKIRIN1
1	39491990	39500308	 NDUFS5
1	39546988	39952849	 MACF1
1	39876151	39882154	 KIAA0754
1	39957318	39991607	 BMP8A
1	40026488	40042462	 PABPC4
1	40089825	40105617	 HEYL
1	40124793	40137710	 NT5C1A
1	40144320	40157361	 HPCAL4
1	40157854	40229586	 PPIE
1	40222854	40254533	 BMP8B
1	40235195	40237020	 OXCT2
1	40306723	40349183	 TRIT1
1	40361098	40367928	 MYCL
1	40420802	40435638	 MFSD2A
1	40505905	40538321	 CAP1
1	40538379	40563375	 PPT1
1	40627045	40706593	 RLF
1	40711619	40717363	 TMCO2
1	40723779	40759856	 ZMPSTE24
1	40766159	40783488	 COL9A2
1	40810522	40888998	 SMAP2
1	40915774	40929390	 ZFP69B
1	40942887	40962015	 ZFP69
1	40974413	40982228	 EXO5
1	40997233	41013841	 ZNF684
1	41086351	41131329	 RIMS3
1	41157320	41237275	 NFYC
1	41249684	41306124	 KCNQ4
1	41326729	41328018	 CITED4
1	41445007	41478235	 CTPS1
1	41481269	41488909	 SLFNL1
1	41492872	41707826	 SCMH1
1	41827594	41849262	 FOXO6
1	41944446	41950344	 EDN2
1	41972036	42501596	 HIVEP3
1	42619092	42621495	 GUCA2B
1	42628362	42630389	 GUCA2A
1	42642210	42801548	 FOXJ3
1	42846466	42888249	 RIMKLA
1	42896000	42921938	 ZMYND12
1	42921788	42939056	 PPCS
1	42929001	43120335	 CCDC30
1	43124096	43142429	 PPIH
1	43148098	43168020	 YBX1
1	43198764	43205925	 CLDN19
1	43212006	43232755	 LEPRE1
1	43232940	43263968	 C1orf50
1	43272723	43282954	 CCDC23
1	43282795	43310660	 ERMAP
1	43312280	43318148	 ZNF691
1	43391052	43424530	 SLC2A1
1	43610824	43622067	 FAM183A
1	43629846	43736607	 EBNA1BP2
1	43637820	43720029	 WDR65
1	43735665	43739673	 TMEM125
1	43747554	43751288	 C1orf210
1	43766664	43788779	 TIE1
1	43803478	43818443	 MPL
1	43824626	43828874	 CDC20
1	43829068	43833696	 ELOVL1
1	43849588	43855479	 MED8
1	43855553	43918321	 SZT2
1	43916824	43919660	 HYI
1	43990858	44089343	 PTPRF
1	44115829	44171186	 KDM4A
1	44171495	44396831	 ST3GAL3
1	44398992	44402913	 ARTN
1	44412611	44433694	 IPO13
1	44435672	44439041	 DPH2
1	44440159	44443967	 ATP6V0B
1	44444615	44456840	 B4GALT2
1	44457031	44462200	 CCDC24
1	44457172	44497139	 SLC6A9
1	44584522	44600812	 KLF17
1	44679127	44686353	 DMAP1
1	44686742	44820932	 ERI3
1	44870866	45117396	 RNF220
1	45100910	45140227	 TMEM53
1	45140364	45191263	 C1orf228
1	45205490	45233439	 KIF2C
1	45240923	45244451	 RPS8
1	45249257	45253377	 BEST4
1	45265897	45271662	 PLK3
1	45271585	45272957	 TCTEX1D4
1	45274154	45281257	 BTBD19
1	45285516	45308735	 PTCH2
1	45316450	45452282	 EIF2B3
1	45468212	45477001	 HECTD3
1	45477819	45481247	 UROD
1	45482071	45771881	 ZSWIM5
1	45792545	45794347	 HPDL
1	45794835	45806142	 MUTYH
1	45805342	45809647	 TOE1
1	45809555	45956872	 TESK2
1	45959538	45965751	 CCDC163P
1	45965725	45976739	 MMACHC
1	45976708	45988719	 PRDX1
1	46016215	46035721	 AKR1A1
1	46049518	46084566	 NASP
1	46085716	46089729	 CCDC17
1	46092976	46153785	 GPBP1L1
1	46152886	46160115	 TMEM69
1	46159996	46216322	 IPP
1	46252659	46501796	 MAST2
1	46505812	46642160	 PIK3R3
1	46640745	46651630	 TSPAN1
1	46654354	46685977	 POMGNT1
1	46669006	46686933	 LURAP1
1	46713360	46744145	 RAD54L
1	46726868	46769280	 LRRC41
1	46769303	46782448	 UQCRH
1	46805849	46830824	 NSUN4
1	46859937	46879520	 FAAH
1	46972668	46979898	 DMBX1
1	47011316	47017199	 KNCN
1	47023090	47082515	 MKNK1
1	47073387	47082563	 MOB3C
1	47098409	47139539	 ATPAF1
1	47124366	47184824	 EFCAB14
1	47134527	47139266	 TEX38
1	47223510	47285085	 CYP4B1
1	47394849	47407156	 CYP4A11
1	47427036	47516423	 CYP4X1
1	47533160	47583991	 CYP4Z1
1	47603107	47615413	 CYP4A22
1	47649265	47656716	 PDZK1IP1
1	47681962	47697892	 TAL1
1	47715811	47779819	 STIL
1	47799469	47844511	 CMPK1
1	47881744	47883723	 FOXE3
1	47901689	47906363	 FOXD2
1	48226200	48462567	 TRABD2B
1	48226979	48227290	 FLJ00388
1	48569306	48569878	 AL109659.1
1	48688357	48714316	 SLC5A9
1	48761044	48937845	 SPATA6
1	48998527	50489585	 AGBL4
1	49193195	49242641	 BEND5
1	50459990	50461874	 AL645730.2
1	50513686	50669458	 ELAVL4
1	50883222	50889172	 DMRTA2
1	50905150	51425935	 FAF1
1	51426417	51440305	 CDKN2C
1	51567906	51613752	 C1orf185
1	51701943	51739127	 RNF11
1	51752930	51810788	 TTC39A
1	51819935	51985000	 EPS15
1	52042851	52254889	 OSBPL9
1	52254863	52344477	 NRD1
1	52373628	52456436	 RAB3B
1	52485803	52521843	 TXNDC12
1	52497775	52499488	 KTI12
1	52521797	52556388	 BTF3L4
1	52608046	52812358	 ZFYVE9
1	52811395	52831865	 CC2D1B
1	52838501	52870131	 ORC1
1	52870236	52886511	 PRPF38A
1	52873954	53019159	 ZCCHC11
1	53068044	53074723	 GPX7
1	53099016	53135355	 FAM159A
1	53152508	53164038	 COA7
1	53192126	53293014	 ZYG11B
1	53308183	53360670	 ZYG11A
1	53361656	53392884	 ECHDC2
1	53392901	53517375	 SCP2
1	53527854	53551174	 PODN
1	53552855	53608289	 SLC1A7
1	53662101	53679869	 CPT2
1	53679771	53686289	 C1orf123
1	53692564	53704282	 MAGOH
1	53711217	53793742	 LRP8
1	53925072	53933161	 DMRTB1
1	53971910	54199877	 GLIS1
1	54231133	54304533	 NDC1
1	54317392	54356407	 YIPF1
1	54356912	54376759	 DIO1
1	54382247	54411602	 HSPB11
1	54411750	54433841	 LRRC42
1	54474412	54483856	 LDLRAD1
1	54497347	54519177	 TMEM59
1	54519260	54578192	 TCEANC2
1	54569968	54571750	 AL161915.1
1	54598747	54619443	 CDCP2
1	54606897	54665746	 RP11-446E24.4
1	54635333	54637997	 AL357673.1
1	54638009	54665709	 CYB5RL
1	54649714	54691137	 MRPL37
1	54691105	54879152	 SSBP3
1	54703710	54704736	 SSBP3-AS1
1	55007930	55104865	 ACOT11
1	55074855	55089229	 FAM151A
1	55107459	55207981	 MROH7-TTC4
1	55107463	55175939	 MROH7
1	55181495	55208330	 TTC4
1	55222571	55230187	 PARS2
1	55245385	55266940	 TTC22
1	55271736	55307925	 C1orf177
1	55315306	55352891	 DHCR24
1	55446465	55457966	 TMEM61
1	55464606	55476556	 BSND
1	55505221	55530525	 PCSK9
1	55532032	55680786	 USP24
1	56960419	57110974	 PPAP2B
1	57110995	57181008	 PRKAA2
1	57184477	57285369	 C1orf168
1	57320479	57383894	 C8A
1	57394883	57431813	 C8B
1	57460451	59012406	 DAB1
1	58881056	59012474	 OMA1
1	59041099	59043166	 TACSTD2
1	59120411	59165764	 MYSM1
1	59246465	59249785	 JUN
1	59762310	60233347	 FGGY
1	60280458	60342050	 HOOK1
1	60358980	60392462	 CYP2J2
1	60452941	60539442	 C1orf87
1	61330931	61928465	 NFIA
1	62146718	62191095	 TM2D1
1	62208149	62629592	 INADL
1	62660503	62678000	 L1TD1
1	62702651	62785085	 KANK4
1	62901968	62917475	 USP1
1	62920399	63153969	 DOCK7
1	63063158	63071830	 ANGPTL3
1	63073437	63075249	 AL138847.1
1	63249806	63331184	 ATG4C
1	63788730	63790797	 FOXD3
1	63833261	63904233	 ALG6
1	63906441	64059392	 ITGB3BP
1	63989043	64038364	 EFCAB7
1	64014588	64015405	 DLEU2L
1	64058947	64125916	 PGM1
1	64239693	64647181	 ROR1
1	64669310	64733051	 UBE2U
1	64936428	65158741	 CACHD1
1	65210778	65298915	 RAVER2
1	65298912	65432187	 JAK1
1	65613232	65697828	 AK4
1	65713902	65881552	 DNAJC6
1	65886248	66107242	 LEPR
1	65886270	65901690	 LEPROT
1	66258197	66840259	 PDE4B
1	66999066	67213982	 SGIP1
1	67131547	67142710	 AL139147.1
1	67218142	67244470	 TCTEX1D1
1	67263424	67266939	 INSL5
1	67278568	67390570	 WDR78
1	67390578	67454302	 MIER1
1	67465015	67519782	 SLC35D1
1	67557848	67697536	 C1orf141
1	67632083	67725662	 IL23R
1	67773047	67862583	 IL12RB2
1	67873493	67896098	 SERBP1
1	68150744	68154021	 GADD45A
1	68167149	68299150	 GNG12
1	68511645	68517314	 DIRAS3
1	68564142	68698803	 WLS
1	68894505	68915642	 RPE65
1	68939835	68962904	 DEPDC1
1	70034081	70617628	 LRRC7
1	70610488	70671303	 LRRC40
1	70671365	70718735	 SRSF11
1	70726271	70820417	 ANKRD13C
1	70820488	70851022	 HHLA3
1	70876901	70905534	 CTH
1	71318036	71513491	 PTGER3
1	71528974	71546980	 ZRANB2
1	71861623	72748417	 NEGR1
1	74491699	74663871	 LRRIQ3
1	74663896	74699770	 FPGT
1	74663919	75009666	 FPGT-TNNI3K
1	74663947	75010112	 TNNI3K
1	74935562	74978298	 LRRC53
1	75033795	75139422	 C1orf173
1	75171170	75199092	 CRYZ
1	75198836	75232362	 TYW3
1	75594119	75627218	 LHX8
1	75667816	76076801	 SLC44A5
1	76190036	76253260	 ACADM
1	76251879	76260764	 RABGGTB
1	76262567	76378923	 MSH4
1	76384558	76398116	 ASB17
1	76540404	77100286	 ST6GALNAC3
1	77333126	77531396	 ST6GALNAC5
1	77554675	77685115	 PIGK
1	77747736	78025651	 AK5
1	78028101	78149104	 ZZZ3
1	78161672	78225537	 USP33
1	78245309	78344106	 FAM73A
1	78354198	78409580	 NEXN
1	78409740	78444794	 FUBP1
1	78444859	78483648	 DNAJB4
1	78445226	78604133	 GIPC2
1	78769568	79005434	 PTGFR
1	79085607	79111830	 IFI44L
1	79115481	79129763	 IFI44
1	79355449	79472403	 ELTD1
1	81771845	82458120	 LPHN2
1	84330711	84464833	 TTLL7
1	84543745	84704181	 PRKACB
1	84764049	84855640	 SAMD13
1	84864215	84880701	 DNASE2B
1	84944942	84963473	 RPF1
1	84964008	84972248	 GNG5
1	85015289	85040163	 CTBS
1	85093913	85100703	 C1orf180
1	85109390	85156486	 SSX2IP
1	85277285	85358896	 LPAR3
1	85391268	85462796	 MCOLN2
1	85464830	85598821	 WDR63
1	85483765	85514182	 MCOLN3
1	85622556	85666729	 SYDE2
1	85715639	85725355	 C1orf52
1	85731931	85742773	 BCL10
1	85784164	86043933	 DDAH1
1	86046444	86049645	 CYR61
1	86115106	86174116	 ZNHIT6
1	86194916	86622626	 COL24A1
1	86814344	86862023	 ODF2L
1	86889769	86922241	 CLCA2
1	86934051	86965972	 CLCA1
1	87012761	87046437	 CLCA4
1	87170259	87213867	 SH3GLB1
1	87328132	87380107	 SEP15
1	87380331	87602334	 HS2ST1
1	87458692	87634884	 RP5-1052I5.2
1	87794151	87814606	 LMO4
1	89149905	89301938	 PKN2
1	89318615	89357627	 GTF2B
1	89401456	89458636	 CCBL2
1	89445139	89458643	 RBMXL1
1	89472349	89488577	 GBP3
1	89518002	89531043	 GBP1
1	89571815	89616139	 GBP2
1	89597434	89641723	 GBP7
1	89646831	89664615	 GBP4
1	89724633	89738544	 GBP5
1	89829617	89852020	 GBP6
1	89990395	90063423	 LRRC8B
1	90098631	90235462	 LRRC8C
1	90098699	90398809	 RP11-302M6.4
1	90286573	90402170	 LRRC8D
1	90460671	90501090	 ZNF326
1	91177096	91182794	 BARHL2
1	91380859	91487829	 ZNF644
1	91726323	91870426	 HFM1
1	91966408	91991321	 CDC7
1	92145902	92371892	 TGFBR3
1	92414928	92479983	 BRDT
1	92495539	92529093	 EPHX4
1	92545862	92613393	 BTBD8
1	92632542	92650280	 KIAA1107
1	92683497	92711370	 C1orf146
1	92711959	92764544	 GLMN
1	92764522	92867613	 RPAP2
1	92940319	92952433	 GFI1
1	92974253	93257961	 EVI5
1	93297582	93307481	 RPL5
1	93307724	93427057	 FAM69A
1	93544792	93604638	 MTF2
1	93615299	93646285	 TMED5
1	93645476	93744287	 CCDC18
1	93811445	93835055	 DR1
1	93913688	94020218	 FNBP1L
1	94027347	94312706	 BCAR3
1	94333373	94345474	 DNTTIP2
1	94350761	94374966	 GCLM
1	94458393	94586688	 ABCA4
1	94614544	94740624	 ARHGAP29
1	94883933	94984222	 ABCD3
1	94994781	95007356	 F3
1	95285898	95360802	 SLC44A3
1	95362507	95392834	 CNN3
1	95439963	95538501	 ALG14
1	95582894	95663163	 TMEM56
1	95583479	95712781	 TMEM56-RWDD3
1	95699711	95712781	 RWDD3
1	96403457	96488436	 RP11-147C23.1
1	97187221	97289294	 PTBP2
1	97543299	98386605	 DPYD
1	99127236	99226056	 SNX7
1	99355806	99470588	 LPPR5
1	99729509	99775146	 LPPR4
1	100111499	100160097	 PALMD
1	100174259	100232187	 FRRS1
1	100315640	100389579	 AGL
1	100435345	100492535	 SLC35A3
1	100503653	100548933	 HIAT1
1	100549119	100598511	 SASS6
1	100598706	100616053	 TRMT13
1	100614409	100643771	 LRRC39
1	100652475	100715390	 DBT
1	100731763	100758325	 RTCA
1	100810584	100985833	 CDC14A
1	101003693	101007574	 GPR88
1	101185298	101204601	 VCAM1
1	101337943	101361554	 EXTL2
1	101361632	101447309	 SLC30A7
1	101455179	101491644	 DPH5
1	101455761	101457653	 AC093157.1
1	101702444	101707074	 S1PR1
1	102268130	102462586	 OLFM3
1	103342023	103574052	 COL11A1
1	104068313	104097861	 RNPC3
1	104096437	104122156	 AMY2B
1	104159999	104168402	 AMY2A
1	104197912	104207173	 AMY1A
1	104230037	104239302	 AMY1B
1	104293028	104301312	 AMY1C
1	107599267	107601916	 PRMT6
1	107682629	108026080	 NTNG1
1	108113782	108507766	 VAV3
1	108676658	108743471	 SLC25A24
1	108765963	108786689	 NBPF4
1	108918421	109013624	 NBPF6
1	109102711	109187522	 FAM102B
1	109190912	109204148	 HENMT1
1	109234945	109244425	 PRPF38B
1	109255279	109285365	 FNDC7
1	109289296	109352148	 STXBP3
1	109358520	109506106	 AKNAD1
1	109417972	109477167	 GPSM2
1	109472130	109506111	 CLCC1
1	109512836	109584850	 WDR47
1	109605108	109618624	 TAF13
1	109632425	109639556	 TMEM167B
1	109648573	109656479	 C1orf194
1	109656301	109749401	 KIAA1324
1	109756540	109780791	 SARS
1	109792641	109818372	 CELSR2
1	109822178	109825808	 PSRC1
1	109834987	109849663	 MYBPHL
1	109852192	109940573	 SORT1
1	109941653	109969062	 PSMA5
1	110009180	110024759	 SYPL2
1	110026101	110035426	 ATXN7L2
1	110036674	110045554	 CYB561D1
1	110046797	110052360	 AMIGO1
1	110082494	110091028	 GPR61
1	110091233	110136975	 GNAI3
1	110145889	110155679	 GNAT2
1	110158726	110174673	 AMPD2
1	110198703	110208118	 GSTM4
1	110210644	110252171	 GSTM2
1	110230436	110251661	 GSTM1
1	110254864	110318050	 GSTM5
1	110276554	110284384	 GSTM3
1	110292702	110306649	 EPS8L3
1	110452864	110473614	 CSF1
1	110527308	110566357	 AHCYL1
1	110574199	110617263	 STRIP1
1	110602616	110613322	 ALX3
1	110655062	110656569	 UBL4B
1	110693108	110744824	 SLC6A17
1	110753965	110825722	 KCNC4
1	110881128	110889299	 RBM15
1	110905470	110933704	 SLC16A4
1	110943871	110950564	 LAMTOR5
1	110993822	110999976	 PROK1
1	111059839	111061797	 KCNA10
1	111136202	111174096	 KCNA2
1	111214310	111217655	 KCNA3
1	111415775	111442550	 CD53
1	111489807	111506701	 LRIF1
1	111659955	111682838	 DRAM2
1	111682249	111727724	 CEPT1
1	111729796	111747157	 DENND2D
1	111743393	111786062	 CHI3L2
1	111833484	111863188	 CHIA
1	111888910	111895635	 PIFO
1	111956936	111970399	 OVGP1
1	111982512	111991998	 WDR77
1	111991486	112005395	 ATP5F1
1	112016414	112021134	 C1orf162
1	112025970	112106584	 ADORA3
1	112084840	112259313	 RAP1A
1	112223252	112298446	 FAM212B
1	112297867	112310638	 DDX20
1	112313284	112531777	 KCND3
1	112938803	113006078	 CTTNBP2NL
1	113009163	113072787	 WNT2B
1	113066140	113163447	 ST7L
1	113161795	113214241	 CAPZA1
1	113215763	113243368	 MOV10
1	113243728	113250056	 RHOC
1	113245236	113254055	 RP11-426L16.10
1	113252616	113258099	 PPM1J
1	113263041	113269857	 FAM19A3
1	113454469	113499635	 SLC16A1
1	113615831	113674882	 LRIG2
1	113933371	114228545	 MAGI3
1	114239453	114302111	 PHTF1
1	114304454	114355098	 RSBN1
1	114356433	114414381	 PTPN22
1	114420790	114430169	 BCL2L15
1	114437370	114447823	 AP4B1
1	114447763	114456708	 DCLRE1B
1	114471814	114520426	 HIPK1
1	114522063	114524876	 OLFML3
1	114631913	114696541	 SYT6
1	114935399	115053781	 TRIM33
1	115110178	115124260	 BCAS2
1	115125469	115213043	 DENND2C
1	115215719	115238239	 AMPD1
1	115247090	115259515	 NRAS
1	115259534	115301297	 CSDE1
1	115312100	115323306	 SIKE1
1	115397424	115537991	 SYCP1
1	115572415	115576941	 TSHB
1	115590632	115632121	 TSPAN2
1	115828539	115880857	 NGF
1	116184574	116240845	 VANGL1
1	116242628	116311402	 CASQ2
1	116378998	116386538	 NHLH2
1	116519119	116612675	 SLC22A15
1	116654376	116677861	 MAB21L3
1	116915290	116952883	 ATP1A1
1	116915890	116926718	 AL136376.1
1	117057157	117113661	 CD58
1	117117031	117210375	 IGSF3
1	117236734	117249225	 C1orf137
1	117297007	117311850	 CD2
1	117452679	117532980	 PTGFRN
1	117544382	117579167	 CD101
1	117602925	117650075	 TTF2
1	117653682	117665209	 TRIM45
1	117686209	117753556	 VTCN1
1	117910071	118071494	 MAN1A2
1	118148556	118170994	 FAM46C
1	118406107	118472253	 GDAP2
1	118472343	118509165	 WDR3
1	118496484	118727846	 SPAG17
1	119425669	119532179	 TBX15
1	119573839	119683294	 WARS2
1	119911402	119936753	 HAO2
1	119957554	119965658	 HSD3B2
1	120049821	120057681	 HSD3B1
1	120162045	120190396	 ZNF697
1	120202421	120286838	 PHGDH
1	120290619	120311528	 HMGCS2
1	120336641	120354283	 REG4
1	120436156	120439118	 ADAM30
1	120454176	120612240	 NOTCH2
1	120837756	120855681	 FAM72B
1	120926979	120935937	 FCGR1B
1	143767144	143767881	 PPIAL4G
1	143896452	143913143	 FAM72D
1	144146808	144224481	 NBPF8
1	144339738	144521058	 AL592284.1
1	144363462	144364246	 PPIAL4B
1	144811744	144830413	 NBPF9
1	144836157	145076186	 PDE4DIP
1	144989309	144991365	 AL590452.1
1	145209119	145291972	 NOTCH2NL
1	145209145	145319796	 RP11-458D21.5
1	145289772	145370303	 NBPF10
1	145413095	145417545	 HFE2
1	145438469	145442635	 TXNIP
1	145456236	145470388	 POLR3GL
1	145470508	145475646	 ANKRD34A
1	145477085	145501669	 LIX1L
1	145507598	145513536	 RBM8A
1	145516252	145523730	 PEX11B
1	145524891	145543868	 ITGA10
1	145549230	145568526	 ANKRD35
1	145575233	145586546	 PIAS3
1	145586115	145589439	 NUDT17
1	145592605	145611025	 POLR3C
1	145611036	145696218	 RNF115
1	145695798	145715614	 CD160
1	145726918	145764074	 PDZK1
1	145764411	145827103	 GPR89A
1	145883868	145924373	 GPR89C
1	146032647	146082765	 NBPF11
1	146373546	146467744	 NBPF12
1	146626685	146644129	 PRKAB2
1	146646930	146714700	 FMO5
1	146714291	146767443	 CHD1L
1	147013182	147098017	 BCL9
1	147101453	147142618	 ACP6
1	147228332	147245484	 GJA5
1	147374946	147381393	 GJA8
1	147400506	147465753	 GPR89B
1	147574428	147634886	 NBPF24
1	147631967	147632428	 BX842679.1
1	147954635	147955419	 PPIAL4A
1	148003642	148025863	 NBPF14
1	148201752	148202536	 PPIAL4D
1	148250249	148347506	 NBPF20
1	148555979	148596267	 NBPF15
1	148739443	148758311	 NBPF16
1	149400131	149400542	 HIST2H3PS2
1	149438750	149459549	 FAM72C
1	149553003	149553787	 PPIAL4C
1	149675978	149676609	 FAM231D
1	149754227	149764074	 FCGR1A
1	149754245	149783928	 HIST2H2BF
1	149784826	149785236	 HIST2H3D
1	149804221	149811339	 HIST2H4A
1	149811110	149812765	 HIST2H3C
1	149813505	149814478	 HIST2H2AA3
1	149822643	149823191	 HIST2H2AA4
1	149824181	149825836	 HIST2H3A
1	149825607	149832714	 HIST2H4B
1	149856010	149858232	 HIST2H2BE
1	149858525	149858961	 HIST2H2AC
1	149859019	149859466	 HIST2H2AB
1	149859440	149872351	 BOLA1
1	149874870	149889434	 SV2A
1	149895209	149900236	 SF3B4
1	149900543	149908791	 MTMR11
1	149909705	149982625	 OTUD7B
1	150039369	150117505	 VPS45
1	150121373	150136916	 PLEKHO1
1	150190717	150208504	 ANP32E
1	150229554	150237478	 CA14
1	150237804	150241980	 APH1A
1	150240600	150253327	 C1orf54
1	150254953	150259505	 C1orf51
1	150266289	150281414	 MRPS21
1	150293925	150325671	 PRPF3
1	150335567	150449042	 RPRD2
1	150459887	150480078	 TARS2
1	150480538	150486265	 ECM1
1	150521884	150533413	 ADAMTSL4
1	150521897	150524367	 AL356356.1
1	150533480	150533969	 ADAMTSL4-AS1
1	150547032	150552066	 MCL1
1	150573327	150602088	 ENSA
1	150618701	150669630	 GOLPH3L
1	150670536	150693364	 HORMAD1
1	150702672	150738433	 CTSS
1	150768684	150780799	 CTSK
1	150782181	150849244	 ARNT
1	150898739	150937213	 SETDB1
1	150933059	150947479	 CERS2
1	150954493	150968110	 ANXA9
1	150969025	150980851	 FAM63A
1	150980896	151008189	 PRUNE
1	151009046	151020076	 BNIPL
1	151020216	151024462	 C1orf56
1	151023447	151042801	 CDC42SE1
1	151030234	151040970	 MLLT11
1	151043054	151098018	 GABPB2
1	151104161	151119104	 SEMA6C
1	151129105	151132225	 TNFAIP8L2
1	151129140	151142773	 SCNM1
1	151132224	151138424	 LYSMD1
1	151142462	151148760	 TMOD4
1	151142463	151167797	 VPS72
1	151170425	151222012	 PIP5K1A
1	151227179	151239955	 PSMD4
1	151252500	151254405	 RP11-126K1.2
1	151254094	151264656	 ZNF687
1	151264273	151300191	 PI4KB
1	151313116	151319833	 RFX5
1	151336778	151345209	 SELENBP1
1	151372010	151374420	 PSMB4
1	151375200	151431941	 POGZ
1	151482986	151511168	 CGN
1	151512781	151556059	 TUFT1
1	151584541	151671567	 SNX27
1	151674880	151689290	 CELF3
1	151682909	151702281	 RIIAD1
1	151682909	151702070	 AL589765.1
1	151732119	151736040	 MRPL9
1	151735445	151743808	 OAZ3
1	151742583	151763892	 TDRKH
1	151772740	151778630	 LINGO4
1	151778547	151804348	 RORC
1	151810295	151813033	 C2CD4D
1	151819739	151826173	 THEM5
1	151846060	151882284	 THEM4
1	151955391	151966866	 S100A10
1	152004982	152020383	 S100A11
1	152056620	152061540	 TCHHL1
1	152078793	152086556	 TCHH
1	152126071	152131704	 RPTN
1	152184558	152196669	 HRNR
1	152274651	152297679	 FLG
1	152321211	152332482	 FLG2
1	152381719	152386739	 CRNN
1	152483320	152484653	 LCE5A
1	152486978	152488486	 CRCT1
1	152538130	152539248	 LCE3E
1	152551857	152552980	 LCE3D
1	152573138	152573562	 LCE3C
1	152586287	152586574	 LCE3B
1	152595310	152595579	 LCE3A
1	152635872	152637135	 LCE2D
1	152647771	152659877	 LCE2B
1	152647771	152649050	 LCE2C
1	152670840	152671918	 LCE2A
1	152680636	152681967	 LCE4A
1	152691998	152692905	 C1orf68
1	152730506	152734529	 KPRP
1	152748848	152749445	 LCE1F
1	152758690	152760902	 LCE1E
1	152769227	152770657	 LCE1D
1	152777311	152779107	 LCE1C
1	152784447	152785585	 LCE1B
1	152799949	152800573	 LCE1A
1	152815344	152816459	 LCE6A
1	152850793	152857523	 SMCP
1	152881021	152884362	 IVL
1	152943142	152945050	 SPRR4
1	152956557	152958289	 SPRR1A
1	152974223	152976332	 SPRR3
1	153003678	153005376	 SPRR1B
1	153012201	153014407	 SPRR2D
1	153028589	153030013	 SPRR2A
1	153042700	153113927	 SPRR2B
1	153065611	153078660	 SPRR2E
1	153084590	153085991	 SPRR2F
1	153122058	153123345	 SPRR2G
1	153175919	153177596	 LELP1
1	153190060	153191793	 PRR9
1	153232176	153234598	 LOR
1	153270338	153283194	 PGLYRP3
1	153302596	153321316	 PGLYRP4
1	153330330	153333503	 S100A9
1	153346184	153348125	 S100A12
1	153362508	153363664	 S100A8
1	153389000	153395701	 S100A7A
1	153409534	153412425	 S100A7L2
1	153430220	153433177	 S100A7
1	153507075	153508720	 S100A6
1	153509623	153514241	 S100A5
1	153516089	153522612	 S100A4
1	153519805	153521848	 S100A3
1	153533584	153540366	 S100A2
1	153579362	153585621	 S100A16
1	153586731	153589462	 S100A14
1	153591263	153606568	 S100A13
1	153600402	153604513	 S100A1
1	153606525	153618782	 CHTOP
1	153631130	153634306	 SNAPIN
1	153634512	153643524	 ILF2
1	153651113	153666468	 NPR1
1	153700543	153746555	 INTS3
1	153746830	153752633	 SLC27A3
1	153777201	153895451	 GATAD2B
1	153901977	153919172	 DENND4B
1	153920145	153931101	 CRTC2
1	153931575	153940188	 SLC39A1
1	153940010	153946839	 CREB3L4
1	153946745	153950164	 JTB
1	153954127	153958834	 RAB13
1	153963235	153964626	 RPS27
1	153965161	154127592	 NUP210L
1	154127784	154167124	 TPM3
1	154171848	154178809	 C1orf189
1	154179182	154193104	 C1orf43
1	154192655	154243986	 UBAP2L
1	154244987	154248351	 HAX1
1	154293566	154297801	 AQP10
1	154298029	154323783	 ATP8B2
1	154377669	154441926	 IL6R
1	154442248	154474589	 SHE
1	154474695	154520623	 TDRD10
1	154521053	154531504	 UBE2Q1
1	154540257	154552502	 CHRNB2
1	154554538	154600475	 ADAR
1	154585067	154585190	 AL606500.1
1	154669931	154842756	 KCNN3
1	154897210	154909467	 PMVK
1	154916552	154928599	 PBXIP1
1	154929502	154936329	 PYGO2
1	154934774	154946871	 SHC1
1	154947129	154951725	 CKS1B
1	154955814	154965587	 FLAD1
1	154966062	154966791	 LENEP
1	154975127	154990998	 ZBTB7B
1	154990996	155006257	 DCST2
1	155006300	155023406	 DCST1
1	155023042	155035252	 ADAM15
1	155036207	155042029	 EFNA4
1	155036224	155060014	 EFNA3
1	155036224	155059283	 EFNA3
1	155099936	155107333	 EFNA1
1	155107820	155111329	 SLC50A1
1	155112367	155113071	 DPM3
1	155141884	155145951	 KRTCAP2
1	155141885	155159748	 RP11-201K10.3
1	155145873	155157447	 TRIM46
1	155158300	155162707	 MUC1
1	155165379	155178842	 THBS3
1	155178490	155183615	 MTX1
1	155204243	155214490	 GBA
1	155216996	155225274	 FAM189B
1	155225770	155232221	 SCAMP3
1	155232659	155248282	 CLK2
1	155247374	155259639	 HCN3
1	155259630	155271225	 PKLR
1	155278539	155290457	 FDPS
1	155290687	155300905	 RUSC1
1	155305059	155532598	 ASH1L
1	155579979	155718153	 MSTO1
1	155629237	155658791	 YY1AP1
1	155657751	155708801	 DAP3
1	155719508	155829191	 GON4L
1	155829300	155854990	 SYT11
1	155867599	155881195	 RIT1
1	155882834	155904191	 KIAA0907
1	155911480	155912625	 RXFP4
1	155916630	155976861	 ARHGEF2
1	155978839	155990750	 SSR2
1	156005092	156023585	 UBQLN4
1	156024543	156028301	 LAMTOR2
1	156030951	156040295	 RAB25
1	156041804	156051789	 MEX3A
1	156052364	156109880	 LMNA
1	156117157	156147543	 SEMA4A
1	156163880	156182587	 SLC25A44
1	156182773	156213123	 PMF1-BGLAP
1	156182784	156212874	 PMF1
1	156211753	156213112	 BGLAP
1	156213206	156217881	 PAQR6
1	156219015	156252620	 SMG5
1	156252726	156262976	 TMEM79
1	156259880	156265463	 C1orf85
1	156268415	156269428	 VHLL
1	156278759	156337664	 CCT3
1	156307105	156316786	 TSACC
1	156339003	156355011	 RHBG
1	156374042	156400493	 C1orf61
1	156433519	156470620	 MEF2D
1	156495197	156542396	 IQGAP3
1	156549519	156556562	 TTC24
1	156561554	156564091	 APOA1BP
1	156564279	156571288	 GPATCH4
1	156589086	156595517	 HAPLN2
1	156611182	156629324	 BCAN
1	156638555	156647189	 NES
1	156669398	156675608	 CRABP2
1	156691683	156698591	 ISG20L2
1	156698234	156706752	 RRNAD1
1	156707095	156711382	 MRPL24
1	156711899	156736717	 HDGF
1	156720402	156770607	 PRCC
1	156776035	156786654	 SH2D2A
1	156785432	156851642	 NTRK1
1	156809855	156828810	 INSRR
1	156863490	156886226	 PEAR1
1	156890442	156902886	 LRRC71
1	156904632	157015162	 ARHGEF11
1	157061836	157069600	 ETV3L
1	157090983	157108266	 ETV3
1	157483167	157522310	 FCRL5
1	157543539	157567870	 FCRL4
1	157644111	157670647	 FCRL3
1	157715523	157746922	 FCRL2
1	157764193	157789895	 FCRL1
1	157800704	157868046	 CD5L
1	157963063	158070052	 KIRREL
1	158149737	158154686	 CD1D
1	158223927	158228059	 CD1A
1	158259576	158263420	 CD1C
1	158297741	158301321	 CD1B
1	158323254	158327343	 CD1E
1	158368312	158369256	 OR10T2
1	158389718	158390656	 OR10K2
1	158435272	158436344	 OR10K1
1	158449668	158450675	 OR10R2
1	158516918	158517895	 OR6Y1
1	158532441	158533394	 OR6P1
1	158548709	158549689	 OR10X1
1	158576229	158577170	 OR10Z1
1	158580496	158656488	 SPTA1
1	158669369	158670486	 OR6K2
1	158686958	158687953	 OR6K3
1	158724510	158725681	 OR6K6
1	158735466	158736492	 OR6N1
1	158746472	158747425	 OR6N2
1	158801107	158819296	 MNDA
1	158900586	158946844	 PYHIN1
1	158969758	159024945	 IFI16
1	159032274	159116886	 AIM2
1	159141399	159173103	 CADM3
1	159173097	159176290	 DARC
1	159259504	159278014	 FCER1A
1	159283460	159284449	 OR10J3
1	159409512	159410600	 OR10J1
1	159504793	159505842	 OR10J5
1	159557615	159558655	 APCS
1	159682079	159684379	 CRP
1	159750722	159752333	 DUSP23
1	159770301	159786041	 FCRL6
1	159796540	159807039	 SLAMF8
1	159804264	159825137	 C1orf204
1	159824106	159832447	 VSIG8
1	159827690	159842843	 RP11-190A12.7
1	159842154	159869953	 CCDC19
1	159879884	159880159	 AL590560.1
1	159887897	159895522	 TAGLN2
1	159896829	159915386	 IGSF9
1	159921282	159924044	 SLAMF9
1	159997462	160001783	 PIGM
1	160007257	160040038	 KCNJ10
1	160051360	160060353	 KCNJ9
1	160061130	160068733	 IGSF8
1	160085549	160113381	 ATP1A2
1	160121360	160156767	 ATP1A4
1	160160285	160171676	 CASQ1
1	160175127	160185166	 PEA15
1	160185505	160254920	 DCAF8
1	160187254	160254920	 DCAF8
1	160246602	160256138	 PEX19
1	160259063	160313190	 COPA
1	160313062	160328742	 NCSTN
1	160336857	160342638	 NHLH1
1	160370376	160398468	 VANGL2
1	160454820	160493052	 SLAMF6
1	160510885	160549306	 CD84
1	160577890	160617085	 SLAMF1
1	160648536	160681641	 CD48
1	160709037	160724611	 SLAMF7
1	160765864	160798051	 LY9
1	160799950	160832692	 CD244
1	160846329	160854960	 ITLN1
1	160914815	160924589	 ITLN2
1	160965001	160991138	 F11R
1	160967747	161008752	 RP11-544M22.13
1	161007421	161008780	 TSTD1
1	161009041	161015767	 USF1
1	161016736	161039760	 ARHGAP30
1	161035655	161035943	 AL591806.1
1	161040785	161059389	 PVRL4
1	161068151	161070136	 KLHDC9
1	161070346	161087901	 PFDN2
1	161087876	161095235	 NIT1
1	161090764	161102478	 DEDD
1	161122566	161128646	 UFC1
1	161129240	161135513	 USP21
1	161136200	161147803	 PPOX
1	161141100	161147287	 B4GALT3
1	161154098	161168846	 ADAMTS4
1	161166894	161184185	 NDUFS2
1	161185024	161190489	 FCER1G
1	161190160	161192296	 AL590714.1
1	161192082	161193421	 APOA2
1	161195793	161200408	 TOMM40L
1	161199456	161208092	 NR1I3
1	161228517	161255240	 PCP4L1
1	161274525	161279762	 MPZ
1	161284047	161332984	 SDHC
1	161334521	161337664	 C1orf192
1	161475220	161493803	 FCGR2A
1	161494036	161496681	 HSPA6
1	161511549	161600917	 FCGR3A
1	161551101	161648444	 FCGR2B
1	161592986	161601753	 FCGR3B
1	161676762	161684142	 FCRLA
1	161691353	161697933	 FCRLB
1	161719548	161727028	 DUSP12
1	161736084	161933860	 ATF6
1	161952982	161993644	 OLFML2B
1	162039564	162353321	 NOS1AP
1	162335197	162351905	 RP11-565P22.6
1	162336698	162356600	 C1orf226
1	162342993	162346660	 C1orf111
1	162365056	162381928	 SH2D1B
1	162467041	162499419	 UHMK1
1	162531323	162569627	 UAP1
1	162601163	162757190	 DDR2
1	162760492	162782607	 HSD17B7
1	162794248	162838605	 C1orf110
1	163038565	163046592	 RGS4
1	163080911	163291577	 RGS5
1	163236366	163325554	 NUF2
1	164524821	164868533	 PBX1
1	165171104	165325952	 LMX1A
1	165370159	165414433	 RXRG
1	165513244	165533198	 LRRC52
1	165600098	165631033	 MGST3
1	165631453	165668100	 ALDH9A1
1	165696032	165796992	 TMCO1
1	165796768	165880855	 UCK2
1	166026674	166136206	 FAM78B
1	166026679	166028709	 AL626787.1
1	166808681	166825581	 POGK
1	166825747	166845564	 TADA1
1	166882443	166944719	 ILDR2
1	166958346	166991451	 MAEL
1	167022073	167059868	 GPA33
1	167063282	167098402	 DUSP27
1	167190066	167396582	 POU2F1
1	167399877	167487847	 CD247
1	167498914	167523004	 CREG1
1	167599330	167675486	 RCSD1
1	167690429	167761156	 MPZL1
1	167778625	167883453	 ADCY10
1	167885967	167906278	 MPC2
1	167905021	168045081	 DCAF6
1	168053997	168106821	 GPR161
1	168148171	168169950	 TIPRL
1	168195176	168222263	 SFT2D2
1	168250278	168283664	 TBX19
1	168510003	168513235	 XCL2
1	168545711	168551315	 XCL1
1	168664697	168698502	 DPT
1	169074935	169101960	 ATP1B1
1	169101769	169337205	 NME7
1	169337208	169365778	 BLZF1
1	169364108	169429907	 CCDC181
1	169433147	169455241	 SLC19A2
1	169483404	169555826	 F5
1	169558087	169599431	 SELP
1	169631245	169823221	 C1orf112
1	169659808	169680839	 SELL
1	169691781	169733846	 SELE
1	169761670	169764107	 METTL18
1	169818772	169863408	 SCYL3
1	169890467	170054349	 KIFAP3
1	170115142	170136931	 METTL11B
1	170501270	170522587	 GORAB
1	170631869	170708560	 PRRX1
1	170904612	171033906	 MROH9
1	171060018	171086959	 FMO3
1	171106879	171130707	 FMO6P
1	171154347	171181822	 FMO2
1	171217638	171255117	 FMO1
1	171283347	171311223	 FMO4
1	171454651	171562650	 PRRC2C
1	171604557	171621823	 MYOC
1	171669300	171711387	 VAMP4
1	171750788	171783163	 METTL13
1	171810621	172387606	 DNM3
1	172339329	172413230	 PIGC
1	172389828	172437971	 C1orf105
1	172501489	172580971	 SUCO
1	172628154	172636014	 FASLG
1	173009100	173020103	 TNFSF18
1	173152873	173176452	 TNFSF4
1	173446405	173457946	 PRDX6
1	173469603	173572233	 SLC9C2
1	173578700	173639001	 ANKRD45
1	173684080	173755840	 KLHL20
1	173768688	173793858	 CENPL
1	173793641	173827684	 DARS2
1	173837220	173872687	 ZBTB37
1	173872947	173886516	 SERPINC1
1	173900352	173991435	 RC3H1
1	174128548	174964445	 RABGAP1L
1	174417212	174418683	 GPR52
1	174968300	174980851	 CACYBP
1	174979925	174992561	 MRPS14
1	175036994	175117202	 TNN
1	175126123	175162135	 KIAA0040
1	175284330	175712906	 TNR
1	175913967	176176629	 RFWD2
1	176432307	176814735	 PAPPA2
1	176826438	177134109	 ASTN1
1	177140633	177251558	 BRINP2
1	177893091	177953438	 SEC16B
1	178062864	178448644	 RASAL2
1	178482212	178517734	 TEX35
1	178511887	178518024	 C1orf220
1	178511950	178517579	 C1ORF220
1	178694300	178889238	 RALGPS2
1	178818840	178840187	 ANGPTL1
1	178994939	179045697	 FAM20B
1	179050512	179067158	 TOR3A
1	179068462	179198819	 ABL2
1	179262925	179327815	 SOAT1
1	179334855	179523870	 AXDND1
1	179443716	179457805	 AL160286.1
1	179519674	179545087	 NPHS2
1	179560748	179660407	 TDRD5
1	179712298	179785333	 FAM163A
1	179809102	179846938	 TOR1AIP2
1	179833916	179834311	 IFRG15
1	179851177	179894135	 TOR1AIP1
1	179923873	180084015	 CEP350
1	180123969	180173165	 QSOX1
1	180199421	180249380	 LHX4
1	180244515	180472089	 ACBD6
1	180601140	180859387	 XPR1
1	180882290	180920750	 KIAA1614
1	180941695	180949868	 AL162431.1
1	180941861	180992047	 STX6
1	181003067	181031074	 MR1
1	181057638	181059977	 IER5
1	181382238	181777219	 CACNA1E
1	182023705	182030847	 ZNF648
1	182350839	182361341	 GLUL
1	182367252	182369751	 TEDDM1
1	182419256	182529734	 RGSL1
1	182542769	182558391	 RNASEL
1	182567758	182573543	 RGS16
1	182615239	182653711	 RGS8
1	182758428	182799519	 NPL
1	182808504	182856886	 DHX9
1	182869000	182922660	 SHCBP1L
1	182992595	183114727	 LAMC1
1	183155373	183214035	 LAMC2
1	183217372	183387737	 NMNAT2
1	183441351	183567381	 SMG7
1	183524698	183560011	 NCF2
1	183592401	183604892	 ARPC5
1	183605220	183897665	 RGL1
1	183615541	183622451	 APOBEC4
1	183898796	184006863	 COLGALT2
1	184020811	184043346	 TSEN15
1	184356192	184598154	 C1orf21
1	184659365	184724047	 EDEM3
1	184759858	184943682	 FAM129A
1	185014496	185071740	 RNF2
1	185087220	185126204	 TRMT1L
1	185126212	185260897	 SWT1
1	185265520	185286461	 IVNS1ABP
1	185703683	186160085	 HMCN1
1	186265405	186283694	 PRG4
1	186280784	186344825	 TPR
1	186344890	186390510	 C1orf27
1	186364123	186365908	 AL596220.1
1	186369704	186370587	 OCLM
1	186412698	186430254	 PDC
1	186640923	186649559	 PTGS2
1	186798085	186958113	 PLA2G4A
1	190066792	190446759	 BRINP3
1	192127587	192154945	 RGS18
1	192286122	192336415	 RGS21
1	192544857	192549161	 RGS1
1	192605275	192629390	 RGS13
1	192778169	192781403	 RGS2
1	192981380	193029237	 UCHL5
1	193028552	193060907	 TROVE2
1	193065598	193075244	 GLRX2
1	193091147	193223031	 CDC73
1	193148175	193155784	 B3GALT2
1	196194909	196578355	 KCNT2
1	196621008	196716634	 CFH
1	196743925	196763203	 CFHR3
1	196788887	196801319	 CFHR1
1	196788898	196928356	 CFHR2
1	196819371	196888102	 CFHR4
1	196946667	196978804	 CFHR5
1	197008321	197036397	 F13B
1	197053258	197115824	 ASPM
1	197122810	197169672	 ZBTB41
1	197170592	197447585	 CRB1
1	197473878	197744826	 DENND1B
1	197871777	197876497	 C1orf53
1	197881037	197904608	 LHX9
1	198126093	198291550	 NEK7
1	198492352	198510075	 ATP6V1G3
1	198607801	198726545	 PTPRC
1	199996730	200146552	 NR5A2
1	200374068	200379184	 ZNF281
1	200520628	200589862	 KIF14
1	200593024	200639097	 DDX59
1	200708686	200829832	 CAMSAP2
1	200842083	200843306	 GPR25
1	200860176	200884863	 C1orf106
1	200938520	200992828	 KIF21B
1	201008642	201081694	 CACNA1S
1	201083081	201096312	 ASCL5
1	201103900	201140702	 TMEM9
1	201159953	201198080	 IGFN1
1	201252580	201302121	 PKP1
1	201328136	201346890	 TNNT2
1	201342372	201368736	 LAD1
1	201373625	201398994	 TNNI1
1	201434620	201438365	 PHLDA3
1	201452658	201478584	 CSRP1
1	201592013	201592738	 AC096677.1
1	201592411	201796102	 NAV1
1	201798269	201853422	 IPO9
1	201857808	201861434	 SHISA4
1	201865580	201915715	 LMOD1
1	201924619	201939789	 TIMM17A
1	201951500	201975275	 RNPEP
1	201977073	201986316	 ELF3
1	202091986	202102720	 GPR37L1
1	202102532	202113869	 ARL8A
1	202116141	202130716	 PTPN7
1	202163029	202288909	 LGR6
1	202300785	202311108	 UBE2T
1	202317827	202561834	 PPP1R12B
1	202559724	202679545	 SYT2
1	202696526	202778598	 KDM5B
1	202789394	202796353	 RP11-480I12.4
1	202848085	202858263	 RABIF
1	202860228	202897764	 KLHL12
1	202909951	202927700	 ADIPOR1
1	202930997	202936408	 CYB5R1
1	202976514	202993976	 TMEM183A
1	202995626	203047868	 PPFIA4
1	203052260	203055164	 MYOG
1	203059782	203136533	 ADORA1
1	203136939	203144941	 MYBPH
1	203148059	203155877	 CHI3L1
1	203181955	203242769	 CHIT1
1	203274619	203278730	 BTG2
1	203309756	203320617	 FMOD
1	203444956	203460480	 PRELP
1	203463271	203477992	 OPTC
1	203595689	203713209	 ATP2B4
1	203734304	203745361	 LAX1
1	203764782	203823252	 ZC3H11A
1	203765437	203769686	 ZBED6
1	203830731	203839678	 SNRPE
1	204042243	204096863	 SOX13
1	204100190	204121307	 ETNK2
1	204123944	204135465	 REN
1	204159469	204165614	 KISS1
1	204167288	204183220	 GOLT1A
1	204187979	204346793	 PLEKHA6
1	204372515	204380919	 PPP1R15B
1	204391756	204463852	 PIK3C2B
1	204485511	204542871	 MDM4
1	204586298	204654861	 LRRN2
1	204797779	204991950	 NFASC
1	205012325	205047627	 CNTN2
1	205052258	205053645	 TMEM81
1	205055270	205091143	 RBBP5
1	205111632	205180727	 DSTYK
1	205197304	205242471	 TMCC2
1	205271187	205290883	 NUAK2
1	205305220	205326218	 KLHDC8A
1	205350506	205425082	 LEMD1
1	205473723	205501921	 CDK18
1	205538013	205572046	 MFSD4
1	205577071	205601090	 ELK4
1	205626979	205649587	 SLC45A3
1	205681947	205719404	 NUCKS1
1	205682497	205684153	 AC119673.1
1	205737114	205744588	 RAB7L1
1	205758221	205782876	 SLC41A1
1	205797150	205819260	 PM20D1
1	205882176	205912588	 SLC26A9
1	206136916	206155151	 FAM72A
1	206223976	206231639	 AVPR1B
1	206238872	206288647	 C1orf186
1	206317459	206332104	 CTSE
1	206516200	206637783	 SRGAP2
1	206643791	206670223	 IKBKE
1	206664449	206671061	 C1orf147
1	206680879	206762616	 RASSF5
1	206744620	206785904	 EIF2D
1	206808881	206857764	 DYRK3
1	206858289	206907628	 MAPKAPK2
1	206940947	206945839	 IL10
1	206972215	207016324	 IL19
1	207038699	207042568	 IL20
1	207070788	207077484	 IL24
1	207077731	207096592	 FAIM3
1	207101863	207119811	 PIGR
1	207131310	207143970	 FCAMR
1	207191866	207206101	 C1orf116
1	207217194	207226325	 YOD1
1	207222801	207254369	 PFKFB2
1	207262187	207273338	 C4BPB
1	207277607	207318317	 C4BPA
1	207494853	207534311	 CD55
1	207627575	207663240	 CR2
1	207669492	207813992	 CR1
1	207818458	207911761	 CR1L
1	207925402	207968858	 CD46
1	208057594	208084747	 CD34
1	208195587	208417665	 PLXNA2
1	209757062	209787283	 CAMK1G
1	209788215	209825811	 LAMB3
1	209848765	209849733	 G0S2
1	209859510	209908295	 HSD11B1
1	209929377	209955668	 TRAF3IP3
1	209955661	209957904	 C1orf74
1	209959036	209979465	 IRF6
1	210001352	210030910	 DIEXF
1	210111538	210337636	 SYT14
1	210406144	210419976	 SERTAD4
1	210501596	210849638	 HHAT
1	210856555	211307457	 KCNH1
1	211431719	211489727	 RCOR3
1	211499957	211548288	 TRAF5
1	211649864	211666259	 RD3
1	211744910	211752084	 SLC30A1
1	211836114	211848960	 NEK2
1	211916799	212004114	 LPGAT1
1	212113741	212208884	 INTS7
1	212208919	212280742	 DTL
1	212458879	212535200	 PPP2R5A
1	212537273	212588243	 TMEM206
1	212606229	212619714	 NENF
1	212738676	212794119	 ATF3
1	212797789	212800120	 FAM71A
1	212859760	212873327	 BATF3
1	212899495	212965124	 NSL1
1	212965170	212989968	 TATDN3
1	213003483	213020991	 C1orf227
1	213031597	213072705	 FLVCR1
1	213123862	213165379	 VASH2
1	213165524	213189168	 ANGEL2
1	213224589	213448116	 RPS6KC1
1	214156524	214214595	 PROX1
1	214454445	214510474	 SMYD2
1	214522039	214725792	 PTPN14
1	214776538	214837931	 CENPF
1	215179118	215410436	 KCNK2
1	215740735	215795149	 KCTD3
1	215796236	216596738	 USH2A
1	216676588	217311097	 ESRRG
1	217600334	217804424	 GPATCH2
1	217804666	218045038	 SPATA17
1	218458629	218511325	 RRP15
1	218519577	218617961	 TGFB2
1	218683438	218699320	 C1orf143
1	219347186	219386207	 LYPLAL1
1	219858769	220131989	 SLC30A10
1	220141943	220220000	 EPRS
1	220230824	220263804	 BPNT1
1	220267444	220321380	 IARS2
1	220321635	220445796	 RAB3GAP2
1	220603286	220608023	 AC096644.1
1	220701568	220837803	 MARK1
1	220863187	220872499	 C1orf115
1	220921567	220958150	 MARC2
1	220960101	220987735	 MARC1
1	221051699	221058401	 HLX
1	221874766	221915518	 DUSP10
1	222695602	222721445	 HHIPL2
1	222731244	222763275	 TAF1A
1	222791428	222841354	 MIA3
1	222841355	222886552	 AIDA
1	222885895	222908538	 BROX
1	222910549	222924147	 FAM177B
1	222988406	223179337	 DISP1
1	223282748	223316624	 TLR5
1	223394161	223537544	 SUSD4
1	223566715	223568812	 C1orf65
1	223711349	223853436	 CAPN8
1	223889295	223963720	 CAPN2
1	223967601	224033674	 TP53BP2
1	224215760	224216371	 AC138393.1
1	224301789	224349749	 FBXO28
1	224363458	224381143	 DEGS1
1	224415036	224518089	 NVL
1	224544552	224567161	 CNIH4
1	224572845	224624735	 WDR26
1	224622362	224928251	 CNIH3
1	225083964	225586996	 DNAH14
1	225589204	225616627	 LBR
1	225600404	225602040	 AC092811.1
1	225674537	225840844	 ENAH
1	225965531	225978168	 SRP9
1	225997794	226033260	 EPHX1
1	226033237	226070069	 TMEM63A
1	226073982	226099082	 LEFTY1
1	226074396	226111978	 RP4-559A3.7
1	226107578	226111978	 PYCR2
1	226124298	226129189	 LEFTY2
1	226170403	226187032	 SDE2
1	226249552	226259702	 H3F3A
1	226332380	226374431	 ACBD3
1	226411319	226414755	 MIXL1
1	226418850	226497570	 LIN9
1	226548392	226595780	 PARP1
1	226736501	226796915	 C1orf95
1	226819391	226927024	 ITPKB
1	227057885	227083806	 PSEN2
1	227085237	227175246	 ADCK3
1	227177566	227506175	 CDC42BPA
1	227751244	227865144	 ZNF678
1	227916240	227968927	 SNAP47
1	227918126	227923112	 JMJD4
1	228003394	228034171	 PRSS38
1	228106357	228135599	 WNT9A
1	228194752	228248961	 WNT3A
1	228270361	228286912	 ARF1
1	228288427	228293112	 C1orf35
1	228294380	228297013	 MRPL55
1	228327663	228336685	 GUK1
1	228337553	228347527	 GJC2
1	228351787	228353213	 IBA57-AS1
1	228353516	228369958	 IBA57
1	228391207	228401365	 C1orf145
1	228395831	228566577	 OBSCN
1	228581374	228594541	 TRIM11
1	228595641	228604562	 TRIM17
1	228612546	228613026	 HIST3H3
1	228645065	228645560	 HIST3H2A
1	228645808	228646259	 HIST3H2BB
1	228674762	228683467	 RNF187
1	228870824	228882416	 RHOU
1	229385383	229387557	 TMEM78
1	229406822	229441641	 RAB4A
1	229440129	229441248	 SPHAR
1	229456758	229479041	 CCSAP
1	229566992	229569845	 ACTA1
1	229577045	229644103	 NUP133
1	229652329	229694442	 ABCB10
1	229728858	229761794	 TAF5L
1	229761981	229795946	 URB2
1	230193536	230417870	 GALNT2
1	230457392	230561475	 PGBD5
1	230778235	230829728	 COG2
1	230838269	230850043	 AGT
1	230883130	230937749	 CAPN9
1	230972865	231005335	 C1orf198
1	231041989	231114621	 TTC13
1	231114727	231136341	 ARV1
1	231154704	231175992	 FAM89A
1	231297858	231357302	 TRIM67
1	231359509	231376933	 C1orf131
1	231376953	231413719	 GNPAT
1	231468480	231473598	 EXOC8
1	231472850	231490769	 SPRTN
1	231499497	231560790	 EGLN1
1	231664399	231954990	 TSNAX-DISC1
1	231664399	231702270	 TSNAX
1	231762561	232177018	 DISC1
1	232533711	232697304	 SIPA1L2
1	232940643	232946092	 MAP10
1	233086351	233119628	 NTPCR
1	233119181	233431459	 PCNXL2
1	233463514	233520894	 MLK4
1	233749750	233808258	 KCNK1
1	234040679	234460262	 SLC35F3
1	234509202	234519795	 COA6
1	234527059	234614849	 TARBP1
1	234740015	234745271	 IRF2BP2
1	235272651	235292251	 TOMM20
1	235294498	235324772	 RBM34
1	235294949	235491534	 ARID4B
1	235490665	235507847	 GGPS1
1	235530675	235612283	 TBCE
1	235613238	235667781	 B3GALNT2
1	235710987	235814054	 GNG4
1	235824341	236046940	 LYST
1	236139130	236228462	 NID1
1	236305832	236385165	 GPR137B
1	236378855	236445319	 ERO1LB
1	236511562	236648214	 EDARADD
1	236681300	236716281	 LGALS8
1	236712305	236767804	 HEATR1
1	236849754	236927931	 ACTN2
1	236958610	237067281	 MTR
1	237167403	237167718	 MT1HL1
1	237205505	237997288	 RYR2
1	238045705	238054094	 ZP4
1	238107024	238108575	 MTRNR2L11
1	239549865	240078750	 CHRM3
1	240177648	240638489	 FMN2
1	240629183	240643504	 AL646016.1
1	240652873	240775449	 GREM2
1	240931554	241520530	 RGS7
1	241660903	241683061	 FH
1	241695434	241758944	 KMO
1	241753404	241840678	 OPN3
1	241792155	241799232	 CHML
1	241815580	241965435	 WDR64
1	242011269	242058450	 EXO1
1	242158792	242162375	 MAP1LC3C
1	242246288	242687998	 PLD5
1	243287730	243418650	 CEP170
1	243388058	243395911	 AC092782.1
1	243419320	243663394	 SDCCAG8
1	243651535	244014381	 AKT3
1	244214585	244220778	 ZBTB18
1	244227632	244231211	 AL590483.1
1	244515937	244552965	 C1orf100
1	244571796	244615436	 ADSS
1	244617679	244804479	 C1orf101
1	244816237	244872335	 DESI2
1	244998624	245008359	 COX20
1	245014468	245027844	 HNRNPU
1	245132652	245134390	 RP11-156E8.1
1	245133007	245290466	 EFCAB2
1	245318287	245872733	 KIF26B
1	245912642	246670614	 SMYD3
1	246703862	246729626	 TFB2M
1	246729746	246831886	 CNST
1	246887349	246931439	 SCCPDH
1	247002400	247095280	 AHCTF1
1	247108849	247242113	 ZNF670
1	247108849	247171395	 ZNF695
1	247263264	247267674	 ZNF669
1	247273462	247275719	 C1orf229
1	247285277	247335318	 ZNF124
1	247460714	247495148	 ZNF496
1	247579458	247612410	 NLRP3
1	247614255	247615308	 OR2B11
1	247670360	247740992	 GCSAML
1	247693434	247697141	 OR2C3
1	247751662	247752615	 OR2G2
1	247768856	247769838	 OR2G3
1	247835320	247836365	 OR13G1
1	247875045	247876105	 OR6F1
1	247886401	247887345	 OR14A2
1	247901917	247902861	 OR14K1
1	247920676	247921982	 OR1C1
1	247978102	247979031	 OR14A16
1	248004199	248005254	 OR11L1
1	248020501	248041507	 TRIM58
1	248031277	248060449	 OR2W3
1	248084320	248085258	 OR2T8
1	248097071	248098057	 OR2AJ1
1	248100493	248264224	 OR2L13
1	248112160	248113098	 OR2L8
1	248128535	248129641	 OR2AK2
1	248185250	248186188	 OR2L5
1	248201474	248202607	 OR2L2
1	248223984	248224922	 OR2L3
1	248308450	248309388	 OR2M5
1	248343288	248344331	 OR2M2
1	248366332	248367392	 OR2M3
1	248402231	248403166	 OR2M4
1	248436073	248437138	 OR2T33
1	248457918	248458880	 OR2T12
1	248486894	248487899	 OR2M7
1	248512077	248513015	 OR14C36
1	248524883	248525929	 OR2T4
1	248550910	248551836	 OR2T6
1	248569296	248570405	 OR2T1
1	248604508	248605434	 OR2T7
1	248616077	248617130	 OR2T2
1	248636627	248637634	 OR2T3
1	248651885	248652898	 OR2T5
1	248684916	248685964	 OR2G6
1	248721784	248722797	 OR2T29
1	248737022	248738080	 OR2T34
1	248756052	248757100	 OR2T10
1	248789420	248790491	 OR2T11
1	248801588	248802559	 OR2T35
1	248813232	248814185	 OR2T27
1	248844628	248845629	 OR14I1
1	248902716	248903150	 LYPD8
1	249104648	249120832	 SH3BP5L
1	249132409	249143716	 ZNF672
1	249144205	249153343	 ZNF692
1	249200395	249214145	 PGBD2
