19	107471	111696	 OR4F17
19	281040	291393	 PPAP2C
19	305575	344798	 MIER2
19	361750	376013	 THEG
19	405438	409139	 C2CD4C
19	416583	460996	 SHC2
19	463346	474983	 ODF3L2
19	489176	505347	 MADCAM1
19	507299	519654	 TPGS1
19	531714	542097	 CDC34
19	544034	549919	 GZMM
19	571297	583493	 BSG
19	589893	617159	 HCN2
19	617223	633597	 POLRMT
19	639879	643703	 FGF22
19	647526	663277	 RNF126
19	676392	683385	 FSTL3
19	685521	695460	 PRSS57
19	708953	748329	 PALM
19	751126	764319	 MISP
19	797075	812327	 PTBP1
19	812518	821967	 LPPR3
19	825097	832017	 AZU1
19	840963	848175	 PRTN3
19	851014	856242	 ELANE
19	859453	863453	 CFD
19	867962	893218	 MED16
19	896503	913240	 R3HDM4
19	917287	921015	 KISS1R
19	925781	975939	 ARID3A
19	983174	994569	 WDR18
19	999601	999952	 AC004528.1
19	1000418	1009731	 GRIN3B
19	1009647	1021117	 TMEM259
19	1026298	1039068	 CNN2
19	1040102	1065571	 ABCA7
19	1065922	1086627	 HMHA1
19	1086594	1095598	 POLR2E
19	1103936	1106787	 GPX4
19	1107636	1174282	 SBNO2
19	1189406	1228428	 STK11
19	1228286	1238026	 C19orf26
19	1241749	1244824	 ATP5D
19	1248552	1259142	 MIDN
19	1259384	1274879	 CIRBP
19	1275026	1279248	 C19orf24
19	1285890	1378430	 MUM1
19	1286153	1301430	 EFNA2
19	1383526	1395583	 NDUFS7
19	1397091	1401569	 GAMT
19	1407568	1435719	 DAZAP1
19	1438358	1440583	 RPS15
19	1440838	1441937	 AC027307.3
19	1446300	1473243	 APC2
19	1461142	1479555	 C19orf25
19	1481427	1490751	 PCSK4
19	1491165	1497926	 REEP6
19	1505017	1513603	 ADAMTSL5
19	1524073	1535455	 PLK5
19	1554668	1568057	 MEX3D
19	1576639	1592882	 MBD3
19	1578338	1605444	 UQCR11
19	1597171	1605480	 UQCR11
19	1609291	1652604	 TCF3
19	1752372	1780987	 ONECUT3
19	1782074	1812275	 ATP8B3
19	1815248	1848452	 REXO1
19	1852399	1863567	 KLF16
19	1876809	1885546	 ABHD17A
19	1905213	1926016	 SCAMP4
19	1905377	1913444	 ADAT3
19	1941188	1981337	 CSNK1G2
19	1985447	2034880	 BTBD2
19	2037470	2051243	 MKNK2
19	2071037	2096672	 MOB3A
19	2096380	2099592	 IZUMO4
19	2100988	2164464	 AP3D1
19	2164148	2232577	 DOT1L
19	2230002	2237703	 PLEKHJ1
19	2236520	2248678	 SF3A2
19	2249308	2252072	 AMH
19	2252251	2269758	 JSRP1
19	2269485	2273487	 OAZ1
19	2274631	2282181	 C19orf35
19	2289774	2308156	 LINGO3
19	2321516	2328619	 LSM7
19	2389769	2426237	 TMPRSS9
19	2425622	2427892	 TIMM13
19	2427636	2456994	 LMNB2
19	2476120	2478257	 GADD45B
19	2511217	2702707	 GNG7
19	2714565	2721416	 DIRAS1
19	2717767	2740046	 AC006538.4
19	2732202	2740150	 SLC39A3
19	2754712	2783369	 SGTA
19	2785458	2813599	 THOP1
19	2819872	2835771	 ZNF554
19	2841433	2860482	 ZNF555
19	2867333	2878515	 ZNF556
19	2900896	2918474	 ZNF57
19	2933216	2944969	 ZNF77
19	2977444	2995177	 TLE6
19	2997636	3047633	 TLE2
19	3052908	3063105	 AES
19	3094408	3124002	 GNA11
19	3136191	3163767	 GNA15
19	3172344	3180329	 S1PR4
19	3185561	3209573	 NCLN
19	3224701	3297074	 CELF5
19	3359561	3469215	 NFIC
19	3474405	3480540	 C19orf77
19	3490819	3500938	 DOHH
19	3506271	3538328	 FZR1
19	3538259	3574288	 MFSD12
19	3539152	3544028	 C19orf71
19	3572775	3579086	 HMG20B
19	3585551	3593539	 GIPC3
19	3594504	3606838	 TBXA2R
19	3610639	3626813	 CACTIN
19	3630181	3700477	 PIP5K1C
19	3708107	3750811	 TJP3
19	3750817	3761697	 APBA3
19	3762662	3768573	 MRPL54
19	3769087	3772233	 RAX2
19	3777971	3802127	 MATK
19	3804022	3869030	 ZFR2
19	3879862	3928077	 ATCAY
19	3933101	3942414	 NMRK2
19	3958451	3971121	 DAPK3
19	3976054	3985467	 EEF2
19	4007644	4039384	 PIAS4
19	4041127	4043154	 AC016586.1
19	4044362	4066943	 ZBTB7A
19	4090319	4124126	 MAP2K2
19	4153598	4173051	 CREB3L3
19	4174106	4182601	 SIRT6
19	4183351	4224811	 ANKRD24
19	4229495	4237528	 EBI3
19	4247076	4269087	 CCDC94
19	4278598	4290721	 SHD
19	4292229	4302428	 TMIGD2
19	4304597	4323840	 FSD1
19	4324040	4342783	 STAP2
19	4343524	4360083	 MPND
19	4360367	4400544	 SH3GL1
19	4402659	4445015	 CHAF1A
19	4444996	4457819	 UBXN6
19	4472284	4502223	 HDGFRP2
19	4502204	4517716	 PLIN4
19	4522543	4535236	 PLIN5
19	4528439	4540079	 CTB-50L17.14
19	4536421	4540486	 LRG1
19	4542600	4559820	 SEMA6B
19	4639530	4655580	 TNFAIP8L1
19	4641386	4670382	 C19orf10
19	4675236	4724685	 DPP9
19	4791728	4795571	 FEM1A
19	4815944	4831716	 TICAM1
19	4838353	4867780	 PLIN3
19	4890449	4902879	 ARRDC5
19	4969125	5153606	 KDM4B
19	5158506	5340814	 PTPRS
19	5455426	5456867	 ZNRF4
19	5587010	5624057	 SAFB2
19	5623046	5668489	 SAFB
19	5674958	5691887	 RPL36
19	5678432	5680907	 C19orf70
19	5680615	5688533	 HSD11B1L
19	5691845	5720583	 LONP1
19	5720688	5778745	 CATSPERD
19	5782971	5784776	 PRR22
19	5784016	5785630	 CTB-54O9.9
19	5784843	5791249	 DUS3L
19	5823813	5828335	 NRTN
19	5830621	5839742	 FUT6
19	5842899	5851485	 FUT3
19	5865837	5903798	 FUT5
19	5866182	5903798	 AC024592.12
19	5891287	5904017	 NDUFA11
19	5904852	5914718	 AC104532.2
19	5904869	5910864	 VMAC
19	5911718	5915888	 CAPS
19	5916150	5978153	 RANBP3
19	5993175	6199583	 RFX2
19	6135258	6193112	 ACSBG2
19	6212966	6279959	 MLLT1
19	6306153	6333640	 ACER1
19	6361463	6368919	 CLPP
19	6372444	6375042	 ALKBH7
19	6375159	6379069	 PSPN
19	6379580	6393992	 GTF2F1
19	6413359	6424805	 KHSRP
19	6426048	6433790	 SLC25A41
19	6436090	6465214	 SLC25A23
19	6463788	6467232	 CRB3
19	6467218	6482568	 DENND1C
19	6494330	6502859	 TUBB4A
19	6531010	6535931	 TNFSF9
19	6583194	6604114	 CD70
19	6663148	6670599	 TNFSF14
19	6677715	6730573	 C3
19	6729925	6737614	 GPR108
19	6737936	6751537	 TRIP10
19	6752171	6767599	 SH2D3A
19	6772725	6857377	 VAV1
19	6887577	6940470	 EMR1
19	7011514	7013338	 AC025278.1
19	7030589	7033022	 MBD3L5
19	7037759	7040190	 MBD3L4
19	7049332	7051746	 MBD3L2
19	7056220	7058651	 MBD3L3
19	7069455	7087979	 ZNF557
19	7112266	7294045	 INSR
19	7413848	7448271	 CTB-133G6.1
19	7445850	7535131	 CTD-2207O23.3
19	7459999	7537363	 ARHGEF18
19	7541761	7562335	 PEX11G
19	7557862	7573336	 C19orf45
19	7571938	7584508	 CTD-2207O23.12
19	7580178	7585912	 ZNF358
19	7587512	7598895	 MCOLN1
19	7598481	7604945	 CTD-2207O23.10
19	7598890	7626650	 PNPLA6
19	7660788	7683190	 CAMSAP3
19	7684411	7694451	 XAB2
19	7694623	7696842	 PET100
19	7694682	7707934	 CTD-3214H19.4
19	7696497	7698634	 PCP2
19	7701767	7712759	 STXBP2
19	7733930	7735334	 RETN
19	7741514	7744712	 C19orf59
19	7743387	7747740	 CTD-3214H19.16
19	7745729	7747744	 TRAPPC5
19	7753644	7767032	 FCER2
19	7793843	7798792	 CLEC4G
19	7804879	7812464	 CD209
19	7828035	7834491	 CLEC4M
19	7895119	7929862	 EVI5L
19	7933605	7939326	 CTD-3193O13.9
19	7953390	7966901	 LRRC8E
19	7963689	7968427	 AC010336.1
19	7968728	7979363	 MAP2K7
19	7981030	7983982	 TGFBR3L
19	7985201	7988135	 SNAPC2
19	7989372	7991051	 CTXN1
19	7991603	8008805	 TIMM44
19	8023463	8070543	 ELAVL1
19	8117651	8127534	 CCL25
19	8130286	8214730	 FBN3
19	8271620	8327305	 CERS4
19	8367011	8373240	 CD320
19	8373167	8386263	 NDUFA7
19	8373490	8386280	 NDUFA7
19	8386042	8388224	 RPS28
19	8387468	8408146	 KANK3
19	8428173	8439257	 ANGPTL4
19	8454865	8469318	 RAB11B
19	8478154	8503901	 MARCH2
19	8509651	8553998	 HNRNPM
19	8554940	8567996	 PRAM1
19	8575462	8579048	 ZNF414
19	8585674	8642461	 MYO1F
19	8645126	8675620	 ADAMTS10
19	8807751	8809172	 ACTL9
19	8841316	8842371	 OR2Z1
19	8920380	8943004	 ZNF558
19	8943074	8954016	 MBD3L1
19	8959520	9092018	 MUC16
19	9203855	9204889	 OR1M1
19	9212945	9213982	 OR7G2
19	9225274	9226439	 OR7G1
19	9236688	9237626	 OR7G3
19	9251056	9274100	 ZNF317
19	9296279	9299493	 OR7D2
19	9324526	9325542	 OR7D4
19	9361606	9362820	 OR7E24
19	9404951	9420514	 ZNF699
19	9434448	9461838	 ZNF559
19	9434850	9493293	 ZNF559-ZNF177
19	9435021	9493293	 ZNF177
19	9523272	9546254	 ZNF266
19	9577183	9609283	 ZNF560
19	9638667	9649303	 ZNF426
19	9671029	9695209	 ZNF121
19	9715356	9732075	 ZNF561
19	9731967	9756572	 C19orf82
19	9759330	9785776	 ZNF562
19	9800600	9811452	 ZNF812
19	9862669	9903856	 ZNF846
19	9920943	9938492	 FBXL12
19	9938568	9940791	 UBL5
19	9945933	9960358	 PIN1
19	9964394	10047228	 OLFM2
19	10070237	10121147	 COL5A3
19	10123925	10132955	 RDH8
19	10196798	10203928	 C19orf66
19	10203014	10213472	 ANGPTL6
19	10216899	10225456	 PPAN-P2RY11
19	10216965	10225414	 PPAN
19	10222214	10226048	 P2RY11
19	10225693	10230596	 EIF3G
19	10244021	10341962	 DNMT1
19	10334520	10341948	 S1PR2
19	10362577	10370721	 MRPL4
19	10381511	10397291	 ICAM1
19	10397643	10399198	 ICAM4
19	10400657	10407454	 ICAM5
19	10415479	10420556	 ZGLP1
19	10416103	10426691	 FDX1L
19	10416103	10426685	 CTD-2369P2.10
19	10426147	10431354	 CTD-2369P2.12
19	10426888	10444316	 RAVER1
19	10444452	10450499	 ICAM3
19	10461209	10491352	 TYK2
19	10501810	10530797	 CDC37
19	10527449	10580305	 PDE4A
19	10596796	10614417	 KEAP1
19	10623623	10628607	 S1PR5
19	10654571	10664094	 ATG4D
19	10663761	10676713	 KRI1
19	10677138	10679735	 CDKN2D
19	10683347	10697991	 AP1M2
19	10713133	10755235	 SLC44A2
19	10751715	10752093	 AC011475.1
19	10764937	10803093	 ILF3
19	10812106	10824113	 QTRT1
19	10828755	10944164	 DNM2
19	10943114	10946994	 TMED1
19	10947251	10980466	 C19orf38
19	10982189	11033453	 CARM1
19	11033444	11039357	 YIPF2
19	11039409	11044211	 C19orf52
19	11071598	11176071	 SMARCA4
19	11200038	11244492	 LDLR
19	11242196	11266484	 SPC24
19	11274943	11308467	 KANK2
19	11309971	11373157	 DOCK6
19	11348178	11352619	 C19orf80
19	11406824	11437672	 TSPAN16
19	11432722	11456946	 RAB3D
19	11453452	11457194	 TMEM205
19	11455360	11465620	 CCDC159
19	11466062	11476374	 DKFZP761J1410
19	11485361	11487627	 SWSAP1
19	11488236	11495018	 EPOR
19	11495017	11530018	 RGL3
19	11531272	11546603	 CCDC151
19	11546109	11561783	 PRKCSH
19	11562141	11591861	 ELAVL3
19	11577055	11616513	 CTC-398G3.6
19	11594242	11616738	 ZNF653
19	11616731	11639989	 ECSIT
19	11649532	11661138	 CNN1
19	11661962	11670051	 ELOF1
19	11670189	11729950	 ZNF627
19	11685475	11689823	 ACP5
19	11832080	11849824	 ZNF823
19	11877815	11894893	 ZNF441
19	11908482	11920437	 ZNF491
19	11925099	11946016	 ZNF440
19	11959541	11994565	 ZNF439
19	11998599	12025144	 ZNF69
19	12035883	12061588	 ZNF700
19	12035890	12091196	 ZNF763
19	12035890	12090105	 ZNF763
19	12125547	12146556	 ZNF433
19	12128703	12163782	 CTD-2006C1.10
19	12154620	12167127	 ZNF878
19	12175514	12192380	 ZNF844
19	12203078	12248050	 ZNF788
19	12203078	12225491	 ZNF788
19	12203658	12251222	 ZNF20
19	12242932	12267546	 ZNF625-ZNF20
19	12251032	12267546	 ZNF625
19	12273879	12300064	 ZNF136
19	12335501	12405702	 ZNF44
19	12428291	12444534	 ZNF563
19	12460185	12476719	 ZNF442
19	12490003	12512088	 CTD-3105H18.14
19	12500830	12512085	 ZNF799
19	12502763	12551896	 CTD-3105H18.16
19	12540521	12551926	 ZNF443
19	12543917	12595630	 CTD-3105H18.18
19	12571998	12624668	 ZNF709
19	12572373	12662288	 ZNF709
19	12636184	12662356	 ZNF564
19	12636534	12691789	 CTD-2192J16.20
19	12688775	12750912	 ZNF490
19	12721732	12742735	 ZNF791
19	12754645	12759211	 CTD-2192J16.22
19	12757325	12777556	 MAN2B1
19	12775642	12780211	 CTD-2192J16.24
19	12777614	12786646	 WDR83
19	12778885	12782170	 WDR83OS
19	12786531	12792716	 DHPS
19	12798867	12807457	 FBXW9
19	12810008	12834825	 TNPO2
19	12841454	12845589	 C19orf43
19	12847953	12859137	 ASNA1
19	12862516	12869272	 BEST2
19	12873817	12983554	 HOOK2
19	12902310	12904124	 JUNB
19	12907634	12912694	 PRDX2
19	12917394	12924452	 RNASEH2A
19	12936292	12946242	 RTBDN
19	12944765	12985765	 MAST1
19	12986025	12992282	 DNASE2
19	12995237	12997995	 KLF1
19	13001840	13025021	 GCDH
19	13009600	13030090	 SYCE2
19	13033293	13044851	 FARSA
19	13049392	13055303	 CALR
19	13056669	13064456	 RAD23A
19	13064972	13068050	 GADD45GIP1
19	13075973	13085567	 DAND5
19	13106422	13209610	 NFIX
19	13209847	13213975	 LYL1
19	13215716	13228381	 TRMT1
19	13228917	13251955	 NACC1
19	13254872	13261197	 STX10
19	13261229	13265722	 IER2
19	13317256	13734804	 CACNA1A
19	13842574	13874110	 CCDC130
19	13875346	13885096	 MRI1
19	13884982	13889276	 C19orf53
19	13890884	13900972	 AC008686.1
19	13906274	13943044	 ZSWIM4
19	13972877	13991571	 NANOS3
19	13993161	14017265	 C19orf57
19	14017014	14041692	 CC2D1A
19	14042000	14064204	 PODNL1
19	14063304	14072254	 DCAF15
19	14072350	14117851	 RFX1
19	14138960	14141854	 RLN3
19	14142560	14163743	 IL27RA
19	14164177	14169971	 PALM3
19	14183348	14185874	 hsa-mir-1199
19	14192431	14196687	 C19orf67
19	14198652	14201848	 SAMD1
19	14202500	14228896	 PRKACA
19	14230321	14247768	 ASF1B
19	14260750	14316999	 LPHN1
19	14491313	14519537	 CD97
19	14519631	14530192	 DDX39A
19	14543865	14582679	 PKN1
19	14583278	14586174	 PTGER1
19	14588572	14606944	 GIPC1
19	14625582	14640582	 DNAJB1
19	14627897	14676792	 TECR
19	14676890	14682874	 NDUFB7
19	14693896	14721969	 CLEC17A
19	14729929	14800839	 EMR3
19	14800613	14844558	 ZNF333
19	14834747	14835121	 AC090427.1
19	14843205	14889353	 EMR2
19	14903302	14946188	 OR7A5
19	14909958	14911023	 OR7C1
19	14951760	14952689	 OR7A10
19	14991138	14992264	 OR7A17
19	15052301	15053260	 OR7C2
19	15060846	15133802	 SLC1A6
19	15121556	15134081	 CCDC105
19	15160195	15169104	 CASP14
19	15197791	15199032	 OR1I1
19	15218214	15225799	 SYDE1
19	15225795	15236596	 ILVBL
19	15270444	15311792	 NOTCH3
19	15337730	15344246	 EPHX3
19	15347647	15443356	 BRD4
19	15464196	15490609	 AKAP8
19	15490859	15529952	 AKAP8L
19	15532319	15560762	 WIZ
19	15562435	15575382	 RASAL3
19	15579456	15609767	 PGLYRP2
19	15619304	15663128	 CYP4F22
19	15751707	15773635	 CYP4F3
19	15783567	15807984	 CYP4F12
19	15838834	15839862	 OR10H2
19	15852203	15853153	 OR10H3
19	15904761	15905892	 OR10H5
19	15917817	15918936	 OR10H1
19	15988833	16008930	 CYP4F2
19	16023177	16045677	 CYP4F11
19	16059818	16060768	 OR10H4
19	16177831	16213813	 TPM4
19	16222439	16245044	 RAB8A
19	16244838	16269386	 HSH2D
19	16272179	16284336	 CIB3
19	16296191	16302857	 FAM32A
19	16308389	16346160	 AP1M1
19	16435628	16438685	 KLF2
19	16466050	16582896	 EPS15L1
19	16589868	16607003	 CALR3
19	16589878	16739015	 CTD-3222D19.2
19	16607122	16632163	 C19orf44
19	16628700	16653341	 CHERP
19	16660642	16683193	 SLC35E1
19	16685718	16739873	 MED26
19	16688453	16770926	 CTC-429P9.4
19	16741562	16771253	 SMIM7
19	16771938	16800840	 TMEM38A
19	16830787	16928774	 NWD1
19	16940211	16991164	 SIN3B
19	16999671	17003417	 F2RL3
19	17003758	17137625	 CPAMD8
19	17160539	17186435	 HAUS8
19	17186591	17325346	 MYO9B
19	17326155	17330638	 USE1
19	17337013	17340028	 OCEL1
19	17342692	17356749	 NR2F6
19	17346749	17366257	 AC010646.3
19	17359985	17393595	 USHBP1
19	17378159	17392058	 BABAM1
19	17378227	17393775	 CTD-2278I10.6
19	17392454	17398455	 ANKLE1
19	17402940	17421045	 ABHD8
19	17403418	17417652	 MRPL34
19	17420327	17434110	 DDA1
19	17434032	17445638	 ANO8
19	17445729	17453544	 GTPBP3
19	17462257	17488159	 PLVAP
19	17513748	17516457	 BST2
19	17516531	17544533	 MVB12A
19	17546318	17559376	 TMEM221
19	17547420	17571613	 CTD-2521M24.10
19	17566234	17571763	 NXNL1
19	17579578	17616977	 SLC27A1
19	17622438	17632097	 PGLS
19	17634110	17664648	 FAM129C
19	17666403	17693971	 COLGALT1
19	17712137	17799401	 UNC13A
19	17830051	17845325	 MAP1S
19	17858527	17899377	 FCHO1
19	17905637	17923891	 B3GNT3
19	17927321	17932383	 INSL3
19	17935589	17958880	 JAK3
19	17970685	17974962	 RPL18A
19	17982782	18005983	 SLC5A5
19	18043825	18054800	 CCDC124
19	18062102	18110889	 KCNN1
19	18111941	18124911	 ARRDC2
19	18169805	18209754	 IL12RB1
19	18208603	18262502	 MAST3
19	18263928	18281350	 PIK3R2
19	18263968	18288927	 PIK3R2
19	18283972	18288927	 IFI30
19	18303992	18307758	 MPV17L2
19	18307594	18314884	 RAB3A
19	18318771	18366229	 PDE4C
19	18367908	18385319	 KIAA1683
19	18390563	18392432	 JUND
19	18417040	18434084	 LSM4
19	18451397	18480760	 PGPEP1
19	18485541	18499986	 GDF15
19	18501954	18508427	 LRRC25
19	18529674	18545372	 SSBP4
19	18545198	18549111	 ISYNA1
19	18553473	18632937	 ELL
19	18642561	18654887	 FKBP8
19	18668572	18680197	 KXD1
19	18682540	18688360	 UBA52
19	18683030	18718551	 CRLF1
19	18699495	18703146	 C19orf60
19	18718240	18731849	 TMEM59L
19	18747775	18781309	 KLHL26
19	18794487	18893004	 CRTC1
19	18893583	18902123	 COMP
19	18942747	18979045	 UPF1
19	18979361	19007536	 CERS1
19	18979361	19006905	 GDF1
19	19010323	19030206	 COPE
19	19017822	19045206	 AC002985.3
19	19030484	19039436	 DDX49
19	19040010	19052070	 HOMER3
19	19101697	19144832	 SUGP2
19	19144384	19170563	 ARMC6
19	19174808	19223697	 SLC25A42
19	19229978	19249322	 TMEM161A
19	19256376	19302967	 MEF2BNB-MEF2B
19	19256377	19303400	 MEF2B
19	19287712	19303400	 MEF2BNB
19	19303008	19312678	 RFXANK
19	19312225	19314233	 NR2C2AP
19	19322782	19363042	 NCAN
19	19366450	19373605	 HAPLN4
19	19375173	19384200	 TM6SF2
19	19386827	19431653	 SUGP1
19	19431490	19469563	 MAU2
19	19496635	19619740	 GATAD2A
19	19623227	19626838	 TSSK6
19	19626545	19644285	 NDUFA13
19	19627036	19648390	 YJEFN3
19	19627036	19646885	 CTC-260F20.3
19	19649057	19657468	 CILP2
19	19672522	19729725	 PBX4
19	19734477	19739739	 LPAR2
19	19740285	19754476	 GMIP
19	19756007	19774502	 ATP13A1
19	19779605	19794318	 ZNF101
19	19821280	19843906	 ZNF14
19	19896648	19932560	 ZNF506
19	19976695	20005483	 ZNF253
19	20011722	20046384	 ZNF93
19	20047769	20048639	 AC007204.1
19	20107867	20150315	 ZNF682
19	20188803	20237885	 ZNF90
19	20278037	20311299	 ZNF486
19	20718631	20748615	 ZNF737
19	20802867	20844402	 ZNF626
19	20959110	20991922	 ZNF66
19	21106028	21133503	 ZNF85
19	21203426	21242856	 ZNF430
19	21264965	21308073	 ZNF714
19	21324827	21373034	 ZNF431
19	21473962	21512227	 ZNF708
19	21541732	21562104	 ZNF738
19	21579921	21610375	 ZNF493
19	21587961	21674068	 CTD-2561J22.3
19	21679484	21739072	 ZNF429
19	21905568	21950430	 ZNF100
19	21987752	22034927	 ZNF43
19	22115760	22193751	 ZNF208
19	22235254	22274282	 ZNF257
19	22361893	22379753	 ZNF676
19	22469210	22499978	 ZNF729
19	22573821	22715287	 ZNF98
19	22817126	22850472	 ZNF492
19	22939007	22966909	 ZNF99
19	23158270	23185978	 ZNF728
19	23258012	23330021	 ZNF730
19	23404401	23433192	 ZNF724P
19	23487793	23578362	 ZNF91
19	23708433	23870022	 ZNF675
19	23921997	23941693	 ZNF681
19	23945807	24010937	 RPSAP58
19	24097678	24127961	 ZNF726
19	24216276	24312654	 ZNF254
19	29698173	29704448	 UQCRFS1
19	30017406	30055386	 VSTM2B
19	30094924	30108144	 POP4
19	30155963	30166364	 PLEKHF1
19	30191721	30206364	 C19orf12
19	30302805	30315215	 CCNE1
19	30414551	30506611	 URI1
19	30719197	31204445	 ZNF536
19	31640362	31640757	 AC020952.1
19	31765851	31840453	 TSHZ3
19	32836500	32878573	 ZNF507
19	32895915	32896466	 AC007773.3
19	32896449	32976801	 DPY19L3
19	33071974	33078358	 PDCD5
19	33087913	33167503	 ANKRD27
19	33166313	33169206	 RGS9BP
19	33182867	33204702	 NUDT19
19	33210659	33320483	 TDRD12
19	33321415	33360672	 SLC7A9
19	33369902	33462897	 CEP89
19	33463115	33469128	 C19orf40
19	33469499	33555794	 RHPN2
19	33571786	33621448	 GPATCH1
19	33622996	33666701	 WDR88
19	33668509	33698694	 LRP3
19	33699570	33716756	 SLC7A10
19	33790840	33793470	 CEBPA
19	33864236	33873592	 CEBPG
19	33877856	34012700	 PEPD
19	34112861	34264414	 CHST8
19	34286838	34306668	 KCTD15
19	34663409	34720420	 LSM14A
19	34745442	34846491	 KIAA0355
19	34850385	34893061	 GPI
19	34887220	34900269	 RP11-618P17.4
19	34895289	34917073	 PDCD2L
19	34919257	34960853	 UBA2
19	34971874	34997258	 WTIP
19	35084234	35166604	 SCGB2B2
19	35168544	35177302	 ZNF302
19	35225060	35233777	 ZNF181
19	35248981	35264134	 ZNF599
19	35417807	35436074	 ZNF30
19	35447258	35454953	 ZNF792
19	35485688	35517375	 GRAMD1A
19	35521588	35531352	 SCN1B
19	35531410	35557475	 HPN
19	35596873	35598141	 AC020907.1
19	35606732	35615228	 FXYD3
19	35615417	35633355	 LGI4
19	35629712	35634013	 FXYD1
19	35634154	35645204	 FXYD7
19	35645633	35660786	 FXYD5
19	35715703	35719632	 FAM187B
19	35739233	35758867	 LSR
19	35759881	35770724	 USF2
19	35771619	35776046	 HAMP
19	35783028	35804707	 MAG
19	35810164	35838258	 CD22
19	35842445	35843367	 FFAR1
19	35849362	35851387	 FFAR3
19	35861831	35863855	 GPR42
19	35934809	35942669	 FFAR2
19	35978226	35986460	 KRTDAP
19	35988122	36004560	 DMKN
19	36014269	36019253	 SBSN
19	36024314	36036218	 GAPDHS
19	36036497	36038428	 TMEM147
19	36040945	36054560	 ATP4A
19	36103646	36116251	 HAUS5
19	36119932	36128588	 RBM42
19	36132647	36135773	 ETV2
19	36139125	36149763	 COX6B1
19	36157715	36169367	 UPK1A
19	36195429	36207940	 ZBTB32
19	36208921	36229779	 KMT2B
19	36230058	36233354	 IGFLR1
19	36230153	36236333	 AD000671.6
19	36233365	36236346	 U2AF1L4
19	36236015	36237911	 PSENEN
19	36236579	36245420	 AC002398.9
19	36239262	36245420	 LIN37
19	36245469	36248980	 HSPB6
19	36249044	36261930	 C19orf55
19	36265434	36279724	 ARHGAP33
19	36290890	36304201	 PRODH2
19	36316866	36360189	 NPHS1
19	36346763	36358011	 KIRREL2
19	36358801	36370693	 APLP1
19	36378555	36393205	 NFKBID
19	36393382	36395279	 HCST
19	36395303	36399197	 TYROBP
19	36426260	36436669	 LRFN3
19	36486090	36487220	 SDHAF1
19	36494209	36499695	 SYNE4
19	36500022	36505141	 ALKBH6
19	36505562	36524245	 CLIP3
19	36525887	36545664	 THAP8
19	36545783	36596008	 WDR62
19	36602104	36604613	 OVOL3
19	36604612	36606248	 POLR2I
19	36605191	36616849	 TBCB
19	36630477	36641255	 CAPNS1
19	36641824	36643771	 COX7A1
19	36673188	36737159	 ZNF565
19	36705504	36729676	 ZNF146
19	36827162	36870101	 ZFP14
19	36874022	36909558	 ZFP82
19	36936021	36980804	 ZNF566
19	37001597	37019562	 ZNF260
19	37025676	37096178	 ZNF529
19	37095719	37119499	 ZNF382
19	37128094	37157755	 ZNF461
19	37178514	37218603	 ZNF567
19	37205285	37263727	 ZNF850
19	37264055	37267980	 CTD-2162K18.4
19	37308330	37341689	 ZNF790
19	37341263	37403931	 ZNF345
19	37379026	37407193	 ZNF829
19	37407231	37489602	 ZNF568
19	37498759	37621216	 ZNF420
19	37583921	37701414	 CTC-454I21.3
19	37597636	37663643	 ZNF585A
19	37672481	37709055	 ZNF585B
19	37708828	37734828	 ZNF383
19	37803739	37860267	 HKR1
19	37861963	37883968	 ZNF527
19	37902057	37960177	 ZNF569
19	37958487	37976260	 ZNF570
19	37997841	38039664	 ZNF793
19	38042308	38104998	 ZNF540
19	38045684	38085673	 ZNF571
19	38104650	38183238	 ZFP30
19	38158652	38183223	 ZNF781
19	38180766	38210089	 CTD-2528L19.4
19	38187264	38210691	 ZNF607
19	38226734	38307940	 ZNF573
19	38375463	38397317	 WDR87
19	38397868	38699012	 SIPA1L3
19	38701646	38720354	 DPF1
19	38734675	38783254	 SPINT2
19	38741877	38747231	 PPP1R14A
19	38779791	38795550	 CTB-102L5.4
19	38794801	38795649	 C19orf33
19	38795753	38807913	 YIF1B
19	38810484	38819660	 KCNK6
19	38826415	38861589	 CATSPERG
19	38865176	38874464	 PSMD8
19	38874905	38878722	 GGN
19	38879061	38886881	 SPRED3
19	38893775	38899728	 FAM98C
19	38899695	38916945	 RASGRP4
19	38924339	39078204	 RYR1
19	39078281	39109522	 MAP4K1
19	39109735	39127595	 EIF3K
19	39138289	39222223	 ACTN4
19	39220827	39260544	 CAPN12
19	39261611	39264132	 LGALS7
19	39279851	39282389	 LGALS7B
19	39292311	39304004	 LGALS4
19	39306062	39322645	 ECH1
19	39308111	39330818	 AC104534.3
19	39327028	39342987	 HNRNPL
19	39358470	39368919	 RINL
19	39369197	39390502	 SIRT2
19	39390340	39399533	 NFKBIB
19	39399620	39402798	 CCER2
19	39405906	39440495	 SARS2
19	39406044	39440495	 CTC-360G5.8
19	39421188	39423802	 MRPS12
19	39432044	39466550	 FBXO17
19	39481354	39523425	 FBXO27
19	39574553	39602133	 PAPL
19	39616410	39673456	 PAK4
19	39687601	39692524	 NCCRP1
19	39693471	39694906	 SYCN
19	39734246	39735646	 IFNL3
19	39759154	39760732	 IFNL2
19	39786965	39789313	 IFNL1
19	39797208	39805976	 LRFN1
19	39818993	39833012	 GMFG
19	39833036	39876350	 SAMD4B
19	39876492	39881835	 PAF1
19	39881943	39891277	 MED29
19	39897453	39900052	 ZFP36
19	39903225	39919054	 PLEKHG2
19	39923847	39926588	 RPS16
19	39926796	39967310	 SUPT5H
19	39930212	39932082	 AC011500.1
19	39971052	39984422	 TIMM50
19	39989535	39999121	 DLL3
19	40005753	40011326	 SELV
19	40021630	40023494	 EID2B
19	40028890	40030870	 EID2
19	40093164	40098116	 LGALS13
19	40146534	40151287	 LGALS16
19	40194946	40200084	 LGALS14
19	40221890	40228668	 CLC
19	40267235	40276775	 LEUTX
19	40315990	40324841	 DYRK1B
19	40325098	40337054	 FBL
19	40353963	40440533	 FCGBP
19	40476912	40487348	 PSMC4
19	40490041	40523514	 ZNF546
19	40534167	40562116	 ZNF780B
19	40575059	40596845	 ZNF780A
19	40697651	40721482	 MAP3K10
19	40721965	40724306	 TTC9B
19	40728115	40732597	 CNTD2
19	40736224	40791443	 AKT2
19	40825443	40854434	 C19orf47
19	40854363	40886346	 PLD3
19	40885178	40896094	 HIPK4
19	40899675	40919273	 PRX
19	40927499	40931932	 SERTAD1
19	40946751	40950612	 SERTAD3
19	40953696	40971747	 BLVRB
19	40972148	41082370	 SPTBN4
19	41082757	41097305	 SHKBP1
19	41098789	41135725	 LTBP4
19	41172596	41196877	 NUMBL
19	41197434	41224112	 ADCK4
19	41223008	41246765	 ITPKC
19	41246761	41257458	 C19orf54
19	41256542	41271294	 SNRPA
19	41277553	41292590	 MIA-RAB4B
19	41277553	41283395	 MIA
19	41284121	41302847	 RAB4B
19	41284147	41314103	 RAB4B-EGLN2
19	41304901	41314338	 EGLN2
19	41307202	41404187	 CTC-490E21.12
19	41349443	41356352	 CYP2A6
19	41381344	41388657	 CYP2A7
19	41497204	41524303	 CYP2B6
19	41594377	41602100	 CYP2A13
19	41620337	41634271	 CYP2F1
19	41698954	41713444	 CYP2S1
19	41725108	41767671	 AXL
19	41768401	41813503	 HNRNPUL1
19	41807492	41859816	 TGFB1
19	41816094	41830788	 CCDC97
19	41856758	41930906	 CTC-435M10.3
19	41856816	41889988	 TMEM91
19	41860326	41870078	 B9D2
19	41884215	41930910	 BCKDHA
19	41892279	41903384	 EXOSC5
19	41931264	41934635	 B3GNT8
19	41937223	41946622	 ATP5SL
19	41949063	41950670	 C19orf69
19	42055886	42093197	 CEACAM21
19	42125344	42133442	 CEACAM4
19	42177235	42210895	 CEACAM7
19	42212504	42233718	 CEACAM5
19	42212531	42265190	 CEA
19	42254885	42276113	 CEACAM6
19	42300369	42315591	 CEACAM3
19	42341148	42348760	 LYPD4
19	42348806	42356401	 DMRTC2
19	42363988	42376994	 RPS19
19	42381190	42385439	 CD79A
19	42387228	42434302	 ARHGEF1
19	42460833	42463542	 RABAC1
19	42470734	42501649	 ATP1A3
19	42502473	42573650	 GRIK5
19	42572629	42585701	 ZNF574
19	42590263	42700737	 POU2F2
19	42702750	42724292	 DEDD2
19	42724423	42732353	 ZNF526
19	42734338	42746777	 GSK3A
19	42738735	42759284	 AC006486.9
19	42746927	42749125	 AC006486.1
19	42751724	42759309	 ERF
19	42772689	42799949	 CIC
19	42801185	42807698	 PAFAH1B3
19	42806250	42814973	 PRR19
19	42817477	42829214	 TMEM145
19	42829761	42882921	 MEGF8
19	42891171	42894439	 CNFN
19	42905659	42931578	 LIPE
19	42932440	42947200	 CXCL17
19	43011456	43065386	 CEACAM1
19	43084393	43099207	 CEACAM8
19	43225790	43244721	 PSG3
19	43256838	43359843	 PSG8
19	43370616	43383974	 PSG1
19	43406231	43423715	 PSG6
19	43511808	43530664	 PSG11
19	43568363	43587197	 PSG2
19	43670408	43690688	 PSG5
19	43696854	43711451	 PSG4
19	43715943	43773682	 PSG9
19	43905648	43922763	 TEX101
19	43964939	43969812	 LYPD3
19	43979106	44009087	 PHLDB3
19	44010871	44031396	 ETHE1
19	44029649	44040282	 ZNF575
19	44047192	44084625	 XRCC1
19	44058844	44097188	 L34079.2
19	44080952	44088116	 PINLYP
19	44088521	44100287	 IRGQ
19	44100544	44105309	 ZNF576
19	44100769	44118649	 SRRM5
19	44111371	44124026	 ZNF428
19	44126520	44143991	 CADM4
19	44150247	44174699	 PLAUR
19	44220162	44224173	 IRGC
19	44235301	44259142	 SMG9
19	44270685	44285409	 KCNN4
19	44300081	44331358	 LYPD5
19	44331444	44353307	 ZNF283
19	44376515	44405537	 ZNF404
19	44416781	44439430	 ZNF45
19	44455375	44471861	 ZNF221
19	44472014	44502477	 ZNF155
19	44507100	44518078	 ZNF230
19	44529494	44537265	 ZNF222
19	44529506	44591471	 ZNF223
19	44555520	44572144	 ZNF223
19	44576297	44593766	 ZNF284
19	44598492	44612479	 ZNF224
19	44616334	44637027	 ZNF225
19	44645710	44663156	 ZNF234
19	44669226	44682534	 ZNF226
19	44711700	44741421	 ZNF227
19	44732882	44809199	 ZNF235
19	44754318	44779470	 ZNF233
19	44830708	44871377	 ZNF112
19	44833848	44905774	 CTC-512J12.6
19	44886459	44905774	 ZNF285
19	44921685	44952766	 ZNF229
19	44979854	45004576	 ZNF180
19	45116940	45140081	 IGSF23
19	45147098	45166850	 PVR
19	45165545	45187631	 CEACAM19
19	45202421	45213986	 CEACAM16
19	45250962	45263301	 BCL3
19	45281126	45303891	 CBLC
19	45312328	45324673	 BCAM
19	45349432	45392485	 PVRL2
19	45393826	45406946	 TOMM40
19	45409011	45412650	 APOE
19	45417504	45422606	 APOC1
19	45445495	45452822	 APOC4-APOC2
19	45445495	45452820	 APOC4
19	45449243	45452822	 APOC2
19	45453301	45457264	 CTB-129P6.11
19	45457842	45496599	 CLPTM1
19	45504688	45541452	 RELB
19	45542298	45574214	 CLASRP
19	45574758	45579846	 ZNF296
19	45582453	45594782	 GEMIN7
19	45582546	45808541	 MARK4
19	45594654	45651335	 PPP1R37
19	45653008	45663408	 NKPD1
19	45666186	45681495	 TRAPPC6A
19	45682003	45685059	 BLOC1S3
19	45683080	45705702	 AC005779.2
19	45690646	45720191	 AC006126.3
19	45715879	45737469	 EXOC3L2
19	45809672	45826235	 CKM
19	45836692	45854778	 KLC3
19	45842445	45842639	 L47234.1
19	45853095	45874176	 ERCC2
19	45882892	45909607	 PPP1R13L
19	45909467	45914024	 CD3EAP
19	45910591	45982086	 ERCC1
19	45971253	45978437	 FOSB
19	45988547	46000319	 RTN2
19	45992035	46005768	 PPM1N
19	46009837	46030241	 VASP
19	46030685	46105470	 OPA3
19	46093022	46105466	 GPR4
19	46110252	46148887	 EML2
19	46144752	46146098	 C19orf83
19	46171502	46186982	 GIPR
19	46190712	46195827	 SNRPD2
19	46195741	46207247	 QPCTL
19	46213887	46234162	 FBXO46
19	46236509	46267792	 AC074212.3
19	46268043	46272484	 SIX5
19	46272975	46285810	 DMPK
19	46282695	46289231	 AC011530.4
19	46286205	46296060	 DMWD
19	46298968	46318577	 RSPH6A
19	46318668	46366548	 SYMPK
19	46367247	46377055	 FOXA3
19	46386866	46389376	 IRF2BP1
19	46393278	46405862	 MYPOP
19	46416475	46418036	 NANOS2
19	46436992	46476804	 NOVA2
19	46498339	46524576	 CCDC61
19	46522411	46526323	 PGLYRP1
19	46543006	46580376	 IGFL4
19	46623328	46627931	 IGFL3
19	46646363	46664556	 IGFL2
19	46733009	46734500	 IGFL1
19	46800303	46846690	 HIF3A
19	46850251	46896238	 PPP5C
19	46913629	46916841	 CCDC8
19	46969748	46974820	 PNMAL1
19	46984053	47104457	 PPP5D1
19	46990163	46999755	 PNMAL2
19	46997765	46999755	 AC011484.1
19	47050313	47104118	 AC011551.3
19	47104331	47114050	 CALM3
19	47123725	47128375	 PTGIR
19	47137333	47137942	 GNG8
19	47150869	47164395	 DACT3
19	47177532	47220384	 PRKD2
19	47222764	47250251	 STRN4
19	47249303	47280245	 FKRP
19	47278140	47291851	 SLC1A5
19	47341393	47354249	 AP2S1
19	47421933	47508334	 ARHGAP35
19	47523077	47549033	 NPAS1
19	47549165	47551888	 TMEM160
19	47567444	47617009	 ZC3H4
19	47616531	47713886	 SAE1
19	47724081	47736023	 BBC3
19	47759237	47775210	 CCDC9
19	47778142	47778979	 PRR24
19	47793280	47825323	 C5AR1
19	47835404	47846606	 C5AR2
19	47852538	47885961	 DHX34
19	47906381	47922780	 MEIS3
19	47931274	47975425	 SLC8A2
19	47978401	47987525	 KPTN
19	47990894	48018497	 NAPA
19	48023942	48059113	 ZNF541
19	48111453	48206533	 GLTSCR1
19	48216600	48246391	 EHD2
19	48248779	48260315	 GLTSCR2
19	48281829	48287943	 SEPW1
19	48304500	48322308	 TPRX1
19	48322703	48346587	 CRX
19	48337701	48364769	 TPRX2P
19	48373723	48389654	 SULT2A1
19	48471303	48495427	 BSPH1
19	48497908	48528410	 ELSPBP1
19	48533210	48547310	 CABP5
19	48551100	48614074	 PLA2G4C
19	48618702	48673860	 LIG1
19	48673949	48700877	 C19orf68
19	48675575	48790865	 ZNF114
19	48684027	48759203	 CARD8
19	48799714	48825151	 CCDC114
19	48824766	48833810	 EMP3
19	48835613	48867494	 TMEM143
19	48867652	48879633	 SYNGR4
19	48885827	48894810	 KDELR1
19	48898132	48948188	 GRIN2D
19	48949030	48960279	 GRWD1
19	48958766	48969367	 KCNJ14
19	48969094	48975688	 CTC-273B12.7
19	48972289	48985571	 CYTH2
19	48988528	49016446	 LMTK3
19	49055332	49102682	 SULT2B1
19	49104067	49118111	 FAM83E
19	49110000	49110970	 SPACA4
19	49118585	49122793	 RPL18
19	49122548	49133974	 SPHK2
19	49133287	49140695	 DBP
19	49141199	49149569	 CA11
19	49164664	49176338	 NTN5
19	49199228	49209207	 FUT2
19	49215999	49222978	 MAMSTR
19	49223844	49243978	 RASIP1
19	49244109	49250166	 IZUMO1
19	49251268	49258647	 FUT1
19	49258816	49261587	 FGF21
19	49298319	49314286	 BCAT2
19	49316274	49339935	 HSD17B14
19	49340354	49371889	 PLEKHA4
19	49375649	49379314	 PPP1R15A
19	49384222	49401990	 TULP2
19	49403307	49426629	 NUCB1
19	49436939	49448226	 DHDH
19	49458072	49465055	 BAX
19	49468558	49470135	 FTL
19	49471382	49496567	 GYS1
19	49496705	49519252	 RUVBL2
19	49519237	49520338	 LHB
19	49526126	49527590	 CGB
19	49526210	49540152	 CTB-60B18.6
19	49535169	49536495	 CGB2
19	49538831	49552006	 CGB1
19	49547141	49548568	 CGB5
19	49550895	49552400	 CGB8
19	49557531	49562117	 CGB7
19	49559050	49568333	 NTF4
19	49570675	49576198	 KCNA7
19	49588676	49611862	 SNRNP70
19	49617581	49621717	 LIN7B
19	49621655	49622397	 C19orf73
19	49622646	49654283	 PPFIA3
19	49654455	49658681	 HRC
19	49660998	49715093	 TRPM4
19	49792895	49828482	 SLC6A16
19	49838428	49846592	 CD37
19	49843852	49865714	 TEAD2
19	49865040	49878373	 DKKL1
19	49891475	49921251	 CCDC155
19	49925671	49926698	 PTH2
19	49927006	49932075	 GFY
19	49932658	49945617	 SLC17A7
19	49949555	49956754	 PIH1D1
19	49956426	49974305	 ALDH16A1
19	49966009	49989488	 CTD-3148I10.9
19	49977464	49989488	 FLT3LG
19	49990811	49995565	 RPL13A
19	49999622	50002946	 RPS11
19	50003781	50004614	 hsa-mir-150
19	50010073	50029590	 FCGRT
19	50030875	50050219	 RCN3
19	50058968	50093519	 NOSIP
19	50083903	50094272	 PRRG2
19	50094900	50129696	 PRR12
19	50138549	50143458	 RRAS
19	50145382	50161899	 SCAF1
19	50162826	50169132	 IRF3
19	50168823	50177173	 BCL2L12
19	50179043	50192286	 PRMT1
19	50191921	50193832	 ADM5
19	50194155	50216988	 CPT1C
19	50243010	50266587	 TSKS
19	50270225	50310370	 AP2A1
19	50310126	50320633	 FUZ
19	50321539	50342073	 MED25
19	50353992	50364001	 PTOV1
19	50364461	50371166	 PNKP
19	50372295	50381716	 AKT1S1
19	50380682	50392005	 TBC1D17
19	50392911	50432796	 IL4I1
19	50410082	50433020	 NUP62
19	50412758	50461648	 CTC-326K19.6
19	50431959	50437192	 ATF5
19	50452242	50464429	 SIGLEC11
19	50479724	50529203	 VRK3
19	50528971	50556671	 ZNF473
19	50655805	50666452	 IZUMO2
19	50691443	50813802	 MYH14
19	50815194	50836772	 KCNC3
19	50832910	50886239	 NR1H2
19	50861734	50869087	 NAPSA
19	50887461	50921273	 POLD1
19	50919056	50931666	 CTD-2545M3.6
19	50922195	50934570	 SPIB
19	50936160	50969578	 MYBPC2
19	50970042	50980010	 FAM71E1
19	50979657	50986608	 EMC10
19	51009255	51014610	 JOSD2
19	51014857	51017947	 ASPDH
19	51020149	51071302	 LRRC4B
19	51124564	51171651	 SYT3
19	51152702	51162567	 C19orf81
19	51165084	51222707	 SHANK1
19	51226586	51228974	 CLEC11A
19	51273721	51274989	 GPR32
19	51293672	51298481	 ACPT
19	51300961	51308186	 C19orf48
19	51322404	51327043	 KLK1
19	51328545	51340469	 KLK15
19	51358171	51364020	 KLK3
19	51364824	51383823	 KLK2
19	51377552	51378040	 AC037199.1
19	51409608	51413994	 KLK4
19	51446559	51456349	 KLK5
19	51461887	51472929	 KLK6
19	51479729	51487355	 KLK7
19	51499263	51505967	 KLK8
19	51499274	51512837	 KLK9
19	51503806	51512890	 KLK9
19	51515995	51523431	 KLK10
19	51525472	51531295	 KLK11
19	51532348	51538486	 KLK12
19	51559463	51568371	 KLK13
19	51580752	51587502	 KLK14
19	51600863	51611627	 CTU1
19	51628165	51639908	 SIGLEC9
19	51645556	51656783	 SIGLEC7
19	51728320	51747115	 CD33
19	51749603	51772584	 SIGLECL1
19	51815102	51833608	 IGLON5
19	51834790	51845378	 VSIG10L
19	51848423	51869672	 ETFB
19	51853627	51871353	 CTD-2616J11.11
19	51870352	51872257	 CLDND2
19	51874860	51875969	 NKG7
19	51883163	51891214	 LIM2
19	51891543	51893828	 C19orf84
19	51913275	51921057	 SIGLEC10
19	51954101	51961710	 SIGLEC8
19	51979838	51994206	 CEACAM18
19	51994611	52005043	 SIGLEC12
19	52022779	52035110	 SIGLEC6
19	52074551	52092991	 ZNF175
19	52095036	52097630	 AC018755.1
19	52114781	52150151	 SIGLEC5
19	52115344	52150142	 SIGLEC5
19	52145806	52150054	 SIGLEC14
19	52216365	52227247	 HAS1
19	52248425	52307363	 FPR1
19	52255279	52273779	 FPR2
19	52298416	52329442	 FPR3
19	52359055	52394203	 ZNF577
19	52392477	52408293	 ZNF649
19	52430400	52452012	 ZNF613
19	52467596	52490109	 ZNF350
19	52494585	52511483	 ZNF615
19	52516018	52533493	 ZNF614
19	52534632	52598991	 ZNF432
19	52567719	52599018	 ZNF841
19	52616344	52643175	 ZNF616
19	52657117	52674896	 ZNF836
19	52693292	52730687	 PPP2R1A
19	52772824	52795977	 ZNF766
19	52800430	52829175	 ZNF480
19	52839498	52871031	 ZNF610
19	52873170	52889048	 ZNF880
19	52901102	52921665	 ZNF528
19	52932440	52955568	 ZNF534
19	52956829	53015407	 ZNF578
19	53030905	53067717	 ZNF808
19	53059075	53090427	 ZNF701
19	53097313	53193749	 ZNF83
19	53206066	53238326	 ZNF611
19	53267448	53290044	 ZNF600
19	53300662	53360853	 ZNF28
19	53341261	53360902	 ZNF468
19	53367043	53400946	 ZNF320
19	53430388	53466164	 ZNF816
19	53431728	53466076	 ZNF321P
19	53517174	53519375	 ERVV-1
19	53547991	53554329	 ERVV-2
19	53569859	53606689	 ZNF160
19	53611132	53636330	 ZNF415
19	53627325	53662328	 ZNF347
19	53662466	53696639	 ZNF665
19	53731577	53758151	 ZNF677
19	53761545	53765090	 VN1R2
19	53769929	53770972	 VN1R4
19	53792856	53794875	 BIRC8
19	53837002	53858122	 ZNF845
19	53868946	53895470	 ZNF525
19	53893046	53930574	 ZNF765
19	53970989	54006950	 ZNF813
19	54024235	54083523	 ZNF331
19	54102882	54106751	 CTB-167G5.5
19	54135310	54140263	 DPRX
19	54296857	54327648	 NLRP12
19	54369477	54379691	 MYADM
19	54382444	54410906	 PRKCG
19	54412589	54447195	 CACNG7
19	54466294	54493469	 CACNG8
19	54495542	54515923	 CACNG6
19	54544079	54567207	 VSTM1
19	54573149	54584634	 TARM1
19	54597933	54606000	 OSCAR
19	54606036	54612564	 NDUFA3
19	54610320	54619055	 TFPT
19	54618837	54635140	 PRPF31
19	54641444	54659419	 CNOT3
19	54658899	54663620	 LENG1
19	54663846	54676944	 TMC4
19	54677107	54693733	 MBOAT7
19	54693789	54697585	 TSEN34
19	54704610	54752862	 RPS9
19	54720147	54746602	 LILRB3
19	54720737	54746649	 LILRA6
19	54754263	54761164	 LILRB5
19	54777675	54785039	 LILRB2
19	54799854	54809952	 LILRA3
19	54818353	54824409	 LILRA5
19	54844456	54850421	 LILRA4
19	54865362	54882165	 LAIR1
19	54926393	54948080	 TTYH1
19	54960065	54973217	 LENG8
19	54972981	54974894	 LENG9
19	54976210	54984411	 CDC42EP5
19	55009100	55021897	 LAIR2
19	55043909	55057053	 KIR3DX1
19	55084387	55099027	 LILRA2
19	55085346	55148979	 LILRB1
19	55105047	55113555	 LILRA1
19	55147173	55150343	 AC009892.10
19	55155340	55181810	 LILRB4
19	55235969	55378448	 KIR3DL1
19	55235984	55248003	 KIR3DL3
19	55236002	55325972	 KIR2DL4
19	55249980	55295776	 KIR2DL3
19	55281263	55295774	 KIR2DL1
19	55361898	55378662	 KIR3DL2
19	55385704	55401838	 FCAR
19	55417508	55427508	 NCR1
19	55434877	55477680	 NLRP7
19	55464498	55512510	 NLRP2
19	55525073	55549632	 GP6
19	55550476	55582659	 RDH13
19	55583388	55599291	 EPS8L1
19	55602281	55628927	 PPP1R12C
19	55644162	55660722	 TNNT1
19	55663137	55669141	 TNNI3
19	55666125	55672039	 CTD-2587H24.4
19	55670031	55678090	 DNAAF3
19	55682567	55691809	 SYT5
19	55692616	55720874	 PTPRH
19	55738007	55741647	 TMEM86B
19	55738587	55741647	 AC010327.2
19	55741148	55770363	 PPP6R1
19	55773599	55791749	 HSPBP1
19	55793440	55823901	 BRSK1
19	55824169	55845416	 TMEM150B
19	55851221	55859488	 SUV420H2
19	55851254	55856561	 AC020922.1
19	55860674	55866182	 COX6B2
19	55863669	55870884	 CTD-2105E13.6
19	55866276	55874628	 FAM71E2
19	55875757	55881831	 IL11
19	55888204	55889612	 TMEM190
19	55890613	55895966	 TMEM238
19	55896713	55914612	 RPL28
19	55912652	55919145	 UBE2S
19	55940107	55954230	 SHISA7
19	55964352	55973710	 ISOC2
19	55987699	55995854	 ZNF628
19	55996371	55998935	 NAT14
19	55999771	56030465	 SSC5D
19	56041100	56048456	 SBK2
19	56052023	56056909	 SBK3
19	56088899	56092211	 ZNF579
19	56102746	56113336	 FIZ1
19	56111388	56114504	 ZNF524
19	56116771	56128635	 ZNF865
19	56132108	56135967	 ZNF784
19	56146382	56154835	 ZNF580
19	56146825	56156988	 ZNF581
19	56152428	56164527	 CCDC106
19	56165512	56186081	 U2AF2
19	56186592	56221224	 EPN1
19	56219798	56249768	 NLRP9
19	56270380	56274541	 RFPL4A
19	56280507	56284545	 RFPL4AL1
19	56296770	56348166	 NLRP11
19	56347944	56393220	 NLRP4
19	56403065	56443702	 NLRP13
19	56459198	56499995	 NLRP8
19	56511092	56573179	 NLRP5
19	56598732	56632649	 ZNF787
19	56643968	56672262	 ZNF444
19	56662314	56663250	 AC024580.1
19	56687389	56697144	 GALP
19	56700939	56709289	 ZSCAN5B
19	56713670	56720821	 ZSCAN5C
19	56732681	56879752	 ZSCAN5A
19	56751773	56758863	 ZSCAN5D
19	56784138	56821819	 AC006116.20
19	56887413	56904914	 ZNF582
19	56909335	56947404	 ZNF583
19	56950694	56989434	 ZNF667
19	57019212	57041590	 ZNF471
19	57050317	57068169	 ZFP28
19	57078880	57100279	 ZNF470
19	57106632	57137849	 ZNF71
19	57154513	57167134	 SMIM17
19	57174020	57183151	 ZNF835
19	57285920	57352097	 ZIM2
19	57321445	57352096	 PEG3
19	57630506	57643294	 USP29
19	57645464	57656570	 ZIM3
19	57665389	57678811	 DUXA
19	57702868	57724724	 ZNF264
19	57742377	57746916	 AURKC
19	57751973	57766503	 ZNF805
19	57791419	57804937	 ZNF460
19	57831877	57842144	 ZNF543
19	57862675	57871266	 ZNF304
19	57874845	57890933	 ZNF547
19	57874879	57876721	 TRAPPC2P1
19	57874934	57909952	 AC003002.4
19	57901218	57912786	 ZNF548
19	57901252	57931362	 AC003002.6
19	57905551	57949825	 AC004076.7
19	57922531	57933307	 ZNF17
19	57946697	57956853	 ZNF749
19	57949338	57988904	 AC004076.9
19	57966542	57967854	 VN1R1
19	57978031	57988938	 ZNF772
19	57999079	58006048	 ZNF419
19	57999086	58016749	 AC003005.4
19	58011283	58029772	 ZNF773
19	58038693	58068910	 ZNF549
19	58046625	58071231	 ZNF550
19	58082934	58090295	 ZNF416
19	58089824	58105145	 ZIK1
19	58111253	58124090	 ZNF530
19	58125601	58134724	 ZNF134
19	58141761	58154147	 ZNF211
19	58180303	58190520	 ZSCAN4
19	58193337	58228669	 ZNF551
19	58193413	58264943	 AC003006.7
19	58203868	58204128	 AC004017.1
19	58208735	58220579	 ZNF154
19	58231119	58238992	 ZNF671
19	58258164	58269527	 ZNF776
19	58281023	58331307	 ZNF586
19	58315209	58326281	 ZNF552
19	58331087	58370309	 CTD-2583A14.10
19	58331099	58370018	 ZNF587B
19	58360099	58400442	 ZNF814
19	58361225	58376480	 ZNF587
19	58388133	58427959	 CTD-2583A14.9
19	58411664	58427978	 ZNF417
19	58433252	58446761	 ZNF418
19	58452201	58459043	 ZNF256
19	58469805	58485902	 C19orf18
19	58488421	58514717	 ZNF606
19	58513429	58522600	 CTD-2368P22.1
19	58545400	58565999	 ZSCAN1
19	58570607	58597677	 ZNF135
19	58595205	58629794	 ZSCAN18
19	58637619	58666477	 ZNF329
19	58694396	58724928	 ZNF274
19	58739960	58788815	 ZNF544
19	58740831	58798173	 CTD-3138B18.4
19	58790317	58807254	 ZNF8
19	58790318	58807254	 ZNF8
19	58790332	58826563	 AC010642.1
19	58838385	58853698	 ZSCAN22
19	58856544	58864865	 A1BG
19	58865723	58874214	 ZNF497
19	58878985	58892427	 ZNF837
19	58897767	58906173	 RPS5
19	58907457	58908407	 AC012313.1
19	58912871	58929694	 ZNF584
19	58944181	58951589	 ZNF132
19	58962971	58969200	 ZNF324B
19	58978423	58984945	 ZNF324
19	58985384	58992597	 ZNF446
19	58990879	59023780	 SLC27A5
19	59024897	59050278	 ZBTB45
19	59055458	59062089	 TRIM28
19	59062933	59066491	 CHMP2A
19	59067079	59070327	 UBE2M
19	59073298	59084942	 MZF1
