11	167784	207428	 BET1L
11	193080	194573	 SCGB1C1
11	196738	200261	 ODF3
11	207511	215113	 RIC8A
11	215458	236931	 SIRT3
11	236546	252983	 PSMD13
11	278365	285359	 NLRP6
11	289135	296107	 ATHL1
11	298200	299526	 IFITM5
11	307631	315272	 IFITM2
11	313506	315272	 IFITM1
11	319669	327537	 IFITM3
11	369796	382116	 B4GALNT4
11	392614	404908	 PKP3
11	405716	417455	 SIGIRR
11	417933	442011	 ANO9
11	448268	491393	 PTDSS2
11	494512	507300	 RNH1
11	532242	537287	 HRAS
11	537527	554916	 LRRC56
11	554855	560779	 C11orf35
11	560404	564021	 RASSF7
11	576486	612222	 PHRF1
11	612553	615999	 IRF7
11	616565	626078	 CDHR5
11	626431	627143	 SCT
11	637293	640706	 DRD4
11	644233	706715	 DEAF1
11	694438	727727	 EPS8L2
11	695428	705028	 TMEM80
11	747329	765024	 TALDO1
11	767220	777488	 PDDC1
11	777578	784297	 AP006621.5
11	787104	790123	 CEND1
11	790475	798316	 SLC25A22
11	799179	809753	 PIDD
11	809647	812880	 RPLP2
11	818902	825573	 PNPLA2
11	826144	831991	 EFCAB4A
11	832843	839831	 CD151
11	837356	842545	 POLR2L
11	842808	867116	 TSPAN4
11	867357	915058	 CHID1
11	924894	1012239	 AP2A2
11	1012821	1036706	 MUC6
11	1074875	1104419	 MUC2
11	1151580	1222364	 MUC5AC
11	1244296	1283406	 MUC5B
11	1295601	1330884	 TOLLIP
11	1295809	1296033	 AC136297.1
11	1411129	1483919	 BRSK2
11	1490687	1522477	 MOB2
11	1575274	1593150	 DUSP8
11	1605572	1606513	 KRTAP5-1
11	1618409	1619524	 KRTAP5-2
11	1628795	1629693	 KRTAP5-3
11	1642188	1643368	 KRTAP5-4
11	1651033	1652160	 KRTAP5-5
11	1718425	1718985	 KRTAP5-6
11	1753640	1771821	 IFITM10
11	1768897	1780281	 RP11-295K3.1
11	1773982	1785222	 CTSD
11	1848709	1858751	 SYT8
11	1860219	1862910	 TNNI2
11	1874200	1913497	 LSP1
11	1910375	1912084	 C11orf89
11	1940792	1959936	 TNNT3
11	1968508	2005752	 MRPL23
11	2150342	2170833	 IGF2
11	2153768	2182439	 INS-IGF2
11	2181009	2182571	 INS
11	2185159	2193107	 TH
11	2289725	2292182	 ASCL2
11	2316875	2324279	 C11orf21
11	2323227	2339430	 TSPAN32
11	2397407	2418649	 CD81
11	2421718	2425106	 TSSC4
11	2425745	2444275	 TRPM5
11	2465914	2870339	 KCNQ1
11	2904443	2907111	 CDKN1C
11	2909010	2924970	 SLC22A18AS
11	2920951	2946476	 SLC22A18
11	2949503	2950685	 PHLDA2
11	2965667	3013607	 NAP1L4
11	3011093	3012563	 AC131971.1
11	3022152	3078843	 CARS
11	3108346	3187969	 OSBPL5
11	3239174	3240043	 MRGPRG
11	3248928	3253616	 MRGPRE
11	3360491	3400448	 ZNF195
11	3659733	3663546	 ART5
11	3666358	3685646	 ART1
11	3686817	3692614	 CHRNA10
11	3692313	3819022	 NUP98
11	3818954	3847601	 PGAP2
11	3848208	3862213	 RHOG
11	3875757	4114439	 STIM1
11	4115937	4160106	 RRM1
11	4388493	4389616	 OR52B4
11	4406127	4414926	 TRIM21
11	4470525	4471591	 OR52K2
11	4510109	4511138	 OR52K1
11	4566421	4567374	 OR52M1
11	4592653	4599050	 C11orf40
11	4608021	4609135	 OR52I2
11	4615037	4616243	 OR52I1
11	4619902	4629489	 TRIM68
11	4660945	4662068	 OR51D1
11	4664650	4676718	 OR51E1
11	4701401	4719084	 OR51E2
11	4726157	5013659	 MMP26
11	4790209	4791168	 OR51F1
11	4824663	4825847	 OR52R1
11	4842551	4843686	 OR51F2
11	4869427	4870514	 OR51S1
11	4880886	4881794	 OR51H1P
11	4903049	4904113	 OR51T1
11	4928600	4929538	 OR51A7
11	4935900	4936922	 OR51G2
11	4944531	4945637	 OR51G1
11	4967355	4968356	 OR51A4
11	4976002	4976943	 OR51A2
11	5020213	5021160	 OR51L1
11	5067756	5068691	 OR52J3
11	5079880	5080857	 OR52E2
11	5152922	5153872	 OR52A5
11	5172239	5207612	 OR52A1
11	5220965	5221930	 OR51V1
11	5246694	5250625	 HBB
11	5253908	5256600	 HBD
11	5269313	5271122	 HBG1
11	5274420	5667019	 HBG2
11	5289582	5526847	 HBE1
11	5322244	5323226	 OR51B4
11	5344541	5345582	 OR51B2
11	5363744	5364809	 OR51B5
11	5372738	5373676	 OR51B6
11	5410607	5411664	 OR51M1
11	5423827	5424777	 OR51J1
11	5443341	5444436	 OR51Q1
11	5461800	5462744	 OR51I1
11	5474638	5475707	 OR51I2
11	5509915	5510979	 OR52D1
11	5528530	5531215	 UBQLN3
11	5535623	5537935	 UBQLNL
11	5565719	5566779	 OR52H1
11	5602107	5603114	 OR52B6
11	5617339	5634188	 TRIM6
11	5617955	5665628	 TRIM6-TRIM34
11	5640994	5665628	 TRIM34
11	5684425	5959849	 TRIM5
11	5710919	5758319	 TRIM22
11	5757681	5758768	 OR56B1
11	5775923	5776959	 OR52N4
11	5798864	5799897	 OR52N5
11	5809084	5810046	 OR52N1
11	5841544	5842578	 OR52N2
11	5862158	5863182	 OR52E6
11	5877904	5878964	 OR52E8
11	5905501	5906527	 OR52E4
11	5968570	5969591	 OR56A3
11	6007122	6008215	 OR52L1
11	6023216	6024424	 OR56A4
11	6047901	6048971	 OR56A1
11	6128914	6130065	 OR56B4
11	6149840	6150706	 OR56B3P
11	6173006	6173818	 OR52B1P
11	6190560	6191638	 OR52B2
11	6220376	6221489	 OR52W1
11	6226796	6232362	 C11orf42
11	6232565	6255941	 FAM160A2
11	6255995	6265659	 CNGA4
11	6280966	6293357	 CCKBR
11	6340176	6341877	 PRKCDBP
11	6411655	6416228	 SMPD1
11	6416355	6440644	 APBB1
11	6452279	6463847	 HPX
11	6469843	6495689	 TRIM3
11	6496910	6502666	 ARFIP2
11	6502677	6505909	 TIMM10B
11	6502715	6530208	 TIMM10B
11	6518490	6614988	 DNHD1
11	6616305	6624850	 RRP8
11	6624961	6632102	 ILK
11	6627526	6633898	 TAF10
11	6634000	6640692	 TPP1
11	6642556	6677085	 DCHS1
11	6702013	6704632	 MRPL17
11	6789218	6790286	 OR2AG2
11	6806248	6807245	 OR2AG1
11	6815756	6817128	 OR6A2
11	6866883	6867936	 OR10A5
11	6890924	6891976	 OR10A2
11	6897856	6898850	 OR10A4
11	6912721	6913830	 OR2D2
11	6942205	6943264	 OR2D3
11	6947635	7005863	 ZNF215
11	7020549	7041599	 ZNF214
11	7041677	7092539	 NLRP14
11	7110165	7112379	 RBMXL2
11	7260009	7490273	 SYT9
11	7506619	7532608	 OLFML1
11	7534529	7678358	 PPFIBP2
11	7686331	7698453	 CYB5R2
11	7817452	7818520	 OR5P2
11	7846584	7847519	 OR5P3
11	7949180	7950209	 OR10A6
11	7960081	7961141	 OR10A3
11	7980971	7986973	 NLRP10
11	7991798	8023409	 EIF3F
11	8040791	8127659	 TUB
11	8127597	8190602	 RIC3
11	8245851	8290263	 LMO1
11	8413418	8615836	 STK33
11	8633584	8693413	 TRIM66
11	8703958	8736306	 RPL27A
11	8714898	8932498	 ST5
11	8932686	8941631	 AKIP1
11	8941623	8954553	 C11orf16
11	8959119	8964580	 ASCL3
11	8968841	8986558	 TMEM9B
11	9002123	9025596	 NRIP3
11	9041071	9159661	 SCUBE2
11	9160372	9286937	 DENND5A
11	9302201	9336327	 TMEM41B
11	9406169	9469673	 IPO7
11	9481747	9482010	 AC132192.1
11	9481866	9550071	 ZNF143
11	9595228	9615004	 WEE1
11	9685624	9774538	 SWAP70
11	9800214	10315754	 SBF2
11	10326227	10328944	 ADM
11	10329860	10529126	 AMPD3
11	10529434	10530723	 MTRNR2L8
11	10533225	10562777	 RNF141
11	10578513	10633236	 LYVE1
11	10594638	10715535	 MRVI1
11	10772534	10801290	 CTR9
11	10818597	10830657	 EIF4G2
11	10833621	10880343	 ZBED5
11	11292423	11643552	 GALNT18
11	11373489	11374904	 CSNK2A3
11	11747060	11747257	 AC131935.1
11	11862970	11980870	 USP47
11	11984653	12031316	 DKK3
11	12115543	12285334	 MICAL2
11	12297627	12380691	 MICALCL
11	12398732	12552348	 PARVA
11	12695969	12966298	 TEAD1
11	13298199	13408813	 ARNTL
11	13409548	13484844	 BTBD10
11	13513602	13517728	 PTH
11	13690217	13753893	 FAR1
11	14299472	14386052	 RRAS2
11	14464986	14521573	 COPB1
11	14515329	14665181	 PSMA1
11	14515329	14541890	 PSMA1
11	14665269	14892350	 PDE3B
11	14899553	14913798	 CYP2R1
11	14926543	15103888	 CALCB
11	14988214	14993900	 CALCA
11	15133970	15268754	 INSC
11	15987995	16761138	 SOX6
11	16634679	16778428	 C11orf58
11	16799842	17035990	 PLEKHA7
11	17095936	17099334	 RPS13
11	17099277	17229530	 PIK3C2A
11	17229700	17371521	 NUCB2
11	17373273	17398888	 NCR3LG1
11	17407406	17410878	 KCNJ11
11	17414432	17498449	 ABCC8
11	17515442	17565963	 USH1C
11	17568920	17668697	 OTOG
11	17741115	17743678	 MYOD1
11	17756359	17804602	 KCNC1
11	17809595	18034709	 SERGEF
11	18039111	18063973	 TPH1
11	18091482	18127638	 SAAL1
11	18142502	18160027	 MRGPRX3
11	18161733	18211042	 RP11-113D6.6
11	18194384	18195827	 MRGPRX4
11	18230685	18236109	 RP11-113D6.10
11	18252896	18258440	 SAA4
11	18260770	18270190	 SAA2
11	18287721	18291524	 SAA1
11	18300223	18343745	 HPS5
11	18343842	18388591	 GTF2H1
11	18415935	18429972	 LDHA
11	18433854	18473605	 LDHC
11	18477371	18501147	 LDHAL6A
11	18489883	18548779	 TSG101
11	18551156	18610294	 UEVLD
11	18627948	18656338	 SPTY2D1
11	18714669	18726332	 TMEM86A
11	18725852	18747777	 IGSF22
11	18749475	18814268	 PTPN5
11	18955360	18961054	 MRGPRX1
11	19076002	19082228	 MRGPRX2
11	19138646	19197969	 ZDHHC13
11	19203578	19232120	 CSRP3
11	19245610	19263167	 E2F8
11	19372271	20143144	 NAV2
11	20177701	20182159	 DBX1
11	20385231	20405329	 HTATIP2
11	20409076	20530840	 PRMT3
11	20620946	20680831	 SLC6A5
11	20691117	21597227	 NELL1
11	22214722	22304903	 ANO5
11	22359643	22401049	 SLC17A6
11	22644079	22647387	 FANCF
11	22646860	22647369	 AC103801.2
11	22647188	22834601	 GAS2
11	22835345	22851845	 SVIP
11	22868477	22881972	 CCDC179
11	24518516	25104150	 LUZP2
11	26210829	26684835	 ANO3
11	26580580	26593780	 MUC15
11	26688566	26744974	 SLC5A12
11	27015628	27018630	 FIBIN
11	27062272	27149356	 BBOX1
11	27352374	27385415	 CCDC34
11	27387508	27494322	 LGR4
11	27516123	27528320	 LIN7C
11	27676440	27743605	 BDNF
11	28042167	28129855	 KIF18A
11	28129795	28355054	 METTL15
11	30031288	30038570	 KCNA4
11	30252563	30256808	 FSHB
11	30344598	30359774	 ARL14EP
11	30406040	30608419	 MPPED2
11	30851916	31391357	 DCDC1
11	31391387	31453396	 DNAJC24
11	31453948	31531192	 IMMP1L
11	31531297	31805546	 ELP4
11	31806340	31839509	 PAX6
11	31833939	32127301	 RCN1
11	32409321	32457176	 WT1
11	32605344	32627808	 EIF3M
11	32623792	32816204	 CCDC73
11	32851489	32879669	 PRRG4
11	32914724	33014862	 QSER1
11	33037410	33055128	 DEPDC7
11	33060963	33127489	 TCP11L1
11	33098734	33183917	 CSTF3
11	33278218	33378569	 HIPK3
11	33563618	33695648	 KIAA1549L
11	33719807	33722347	 C11orf91
11	33719807	33757991	 CD59
11	33762485	33796089	 FBXO3
11	33880122	33913836	 LMO2
11	33902189	33903338	 AC132216.1
11	34073230	34122703	 CAPRIN1
11	34127149	34169217	 NAT10
11	34172535	34379555	 ABTB2
11	34460472	34493609	 CAT
11	34500340	34535352	 ELF5
11	34642640	34682604	 EHF
11	34874641	34938046	 APIP
11	34937376	35042138	 PDHX
11	35150091	35150215	 AL356215.1
11	35160417	35253949	 CD44
11	35272753	35441610	 SLC1A2
11	35453370	35551848	 PAMR1
11	35639735	35642419	 FJX1
11	35684353	35829775	 TRIM44
11	35965531	36253686	 LDLRAD3
11	36295051	36310999	 COMMD9
11	36317838	36486754	 PRR5L
11	36508577	36531822	 TRAF6
11	36532259	36614706	 RAG1
11	36597124	36619829	 RAG2
11	36616051	36694823	 C11orf74
11	40135753	41481323	 LRRC4C
11	43333513	43366079	 API5
11	43380482	43516483	 TTC17
11	43577986	43878167	 HSD17B12
11	43902361	43941816	 ALKBH3
11	43946892	43965888	 C11orf96
11	44069531	44081527	 ACCSL
11	44087475	44105772	 ACCS
11	44117099	44266979	 EXT2
11	44281994	44331716	 ALX4
11	44585977	44641913	 CD82
11	44748015	44953972	 TSPAN18
11	44907454	44972840	 TP53I11
11	45115564	45247734	 PRDM11
11	45261852	45307870	 SYT13
11	45670427	45687172	 CHST1
11	45792983	45793909	 CTD-2210P24.4
11	45825623	45834566	 SLC35C1
11	45868669	45904798	 CRY2
11	45907202	45928016	 MAPK8IP1
11	45928085	45928833	 C11orf94
11	45931220	45940363	 PEX16
11	45943172	45950647	 GYLTL1B
11	45950871	46142985	 PHF21A
11	46299212	46342972	 CREB3L1
11	46354455	46402104	 DGKZ
11	46402306	46405375	 MDK
11	46406640	46408107	 CHRM4
11	46417964	46615675	 AMBRA1
11	46624411	46639459	 HARBI1
11	46638826	46696368	 ATG13
11	46698630	46722165	 ARHGAP1
11	46722368	46727462	 ZNF408
11	46740730	46761056	 F2
11	46764598	46867847	 CKAP5
11	46878419	46940193	 LRP4
11	46958240	47185936	 C11orf49
11	47185848	47198676	 ARFGAP2
11	47199076	47207994	 PACSIN3
11	47236493	47260767	 DDB2
11	47260853	47270457	 ACP2
11	47269851	47290396	 NR1H3
11	47290712	47351582	 MADD
11	47352957	47374253	 MYBPC3
11	47376411	47400127	 SPI1
11	47428683	47438047	 SLC39A13
11	47440320	47447993	 PSMC3
11	47459308	47470730	 RAPSN
11	47487496	47587121	 CELF1
11	47586888	47606114	 NDUFS3
11	47586982	47595013	 PTPMT1
11	47593749	47600567	 KBTBD4
11	47599277	47599823	 KBTBD4
11	47608198	47610746	 FAM180B
11	47611216	47616211	 C1QTNF4
11	47638867	47664175	 MTCH2
11	47681143	47736941	 AGBL2
11	47738072	47788995	 FNBP4
11	47799639	47870107	 NUP160
11	48002113	48189670	 PTPRJ
11	48238344	48239314	 OR4B1
11	48266608	48267622	 OR4X2
11	48285413	48286330	 OR4X1
11	48327775	48328704	 OR4S1
11	48346472	48347507	 OR4C3
11	48387037	48388017	 OR4C5
11	48510269	48511332	 OR4A47
11	49050504	49059579	 TRIM49B
11	49075266	49080664	 TRIM64C
11	49168187	49230222	 FOLH1
11	49973943	49974971	 OR4C13
11	50003009	50004071	 OR4C12
11	51411378	51412448	 OR4A5
11	51515282	51516211	 OR4C46
11	55029658	55038595	 TRIM48
11	55110627	55111707	 OR4A16
11	55135360	55136394	 OR4A15
11	55321783	55322895	 OR4C15
11	55339604	55340536	 OR4C16
11	55370830	55371874	 OR4C11
11	55405834	55406772	 OR4P4
11	55418380	55419315	 OR4S2
11	55432614	55433671	 OR4C6
11	55540914	55541858	 OR5D13
11	55563032	55563976	 OR5D14
11	55578854	55579952	 OR5L1
11	55587086	55588073	 OR5D18
11	55594695	55595630	 OR5L2
11	55606228	55607214	 OR5D16
11	55650773	55659286	 TRIM51
11	55681126	55682058	 OR5W2
11	55702932	55703876	 OR5I1
11	55734975	55735990	 OR10AG1
11	55761157	55762101	 OR5F1
11	55797895	55798869	 OR5AS1
11	55860753	55861762	 OR8I2
11	55872519	55873457	 OR8H2
11	55889849	55890787	 OR8H3
11	55904247	55905194	 OR8J3
11	55926870	55927793	 OR8K5
11	55944094	55945032	 OR5J2
11	55999490	56000737	 OR5T2
11	56019676	56020698	 OR5T3
11	56043029	56044146	 OR5T1
11	56057529	56058566	 OR8H1
11	56085783	56086721	 OR8K3
11	56113421	56114507	 OR8K1
11	56127691	56128764	 OR8J1
11	56143100	56144029	 OR8U1
11	56184734	56185708	 OR5R1
11	56229945	56230877	 OR5M9
11	56236964	56238014	 OR5M3
11	56257825	56258871	 OR5M8
11	56309746	56310757	 OR5M11
11	56344212	56345263	 OR5M10
11	56380031	56380978	 OR5M1
11	56408942	56409947	 OR5AP2
11	56431138	56432163	 OR5AR1
11	56467864	56468781	 OR9G1
11	56510303	56511287	 OR9G4
11	56756347	56757342	 OR5AK2
11	56949221	56959191	 LRRC55
11	57001051	57004709	 APLNR
11	57067112	57092426	 TNKS1BP1
11	57093459	57103351	 SSRP1
11	57105848	57138073	 P2RX3
11	57144242	57148623	 PRG3
11	57154267	57158130	 PRG2
11	57154838	57191532	 RP11-872D17.8
11	57174427	57195053	 SLC43A3
11	57228022	57245007	 RTN4RL2
11	57252007	57283259	 SLC43A1
11	57295936	57298276	 TIMM10
11	57308979	57318108	 SMTNL1
11	57319129	57335757	 UBE2L6
11	57364860	57382326	 SERPING1
11	57412560	57417417	 YPEL4
11	57416465	57429340	 CLP1
11	57435219	57468659	 ZDHHC5
11	57471186	57479693	 MED19
11	57480072	57508445	 TMX2
11	57480077	57559058	 TMX2-CTNND1
11	57508825	57510986	 C11orf31
11	57509635	57560715	 RP11-691N7.6
11	57510986	57519253	 BTBD18
11	57520715	57587018	 CTNND1
11	57791353	57949088	 OR9Q1
11	57798402	57799403	 OR6Q1
11	57885972	57886916	 OR9I1
11	57957906	57958990	 OR9Q2
11	57970674	57971653	 OR1S2
11	57982217	57983195	 OR1S1
11	57995354	57996390	 OR10Q1
11	58034264	58035732	 OR10W1
11	58125597	58126542	 OR5B17
11	58169937	58170882	 OR5B3
11	58189738	58190786	 OR5B2
11	58206593	58207646	 OR5B12
11	58274648	58275578	 OR5B21
11	58294344	58345693	 LPXN
11	58346584	58388515	 ZFP91
11	58346645	58392112	 ZFP91-CNTF
11	58378589	58378759	 AP001350.1
11	58390146	58393198	 CNTF
11	58407899	58499447	 GLYAT
11	58601542	58671688	 GLYATL2
11	58672871	58811000	 GLYATL1
11	58672897	58676071	 AP001652.1
11	58874658	58894883	 FAM111B
11	58910221	58922512	 FAM111A
11	58938903	58976060	 DTX4
11	58975983	58980424	 MPEG1
11	59131885	59132921	 OR5AN1
11	59189416	59190449	 OR5A2
11	59210617	59211667	 OR5A1
11	59224411	59225464	 OR4D6
11	59244846	59245869	 OR4D10
11	59271049	59271984	 OR4D11
11	59282386	59283330	 OR4D9
11	59341871	59383617	 OSBP
11	59404189	59436453	 PATL1
11	59480296	59481337	 OR10V1
11	59480929	59573354	 STX3
11	59573608	59578345	 MRPL16
11	59596741	59612974	 GIF
11	59620273	59634048	 TCN1
11	59705928	59712807	 OOSP1
11	59807748	59815517	 OOSP2
11	59824060	59838601	 MS4A3
11	59855734	59863444	 MS4A2
11	59939081	59952139	 MS4A6A
11	59968726	60010561	 MS4A4E
11	60048014	60076445	 MS4A4A
11	60102304	60164069	 MS4A6E
11	60145955	60163424	 MS4A7
11	60146003	60185161	 MS4A14
11	60197062	60222687	 MS4A5
11	60223225	60238233	 MS4A1
11	60260251	60274903	 MS4A12
11	60282886	60310194	 MS4A13
11	60467047	60483284	 MS4A8
11	60496789	60511685	 MS4A18
11	60524426	60544205	 MS4A15
11	60552821	60568778	 MS4A10
11	60609544	60618554	 CCDC86
11	60618413	60623444	 PTGDR2
11	60635035	60643166	 ZP1
11	60658202	60674060	 PRPF19
11	60681346	60690915	 TMEM109
11	60691935	60704631	 TMEM132A
11	60704556	60720002	 SLC15A3
11	60739115	60787849	 CD6
11	60869867	60895324	 CD5
11	60897728	60929089	 VPS37C
11	60970779	60980570	 PGA3
11	60989688	61018929	 PGA4
11	61008514	61018920	 PGA5
11	61025762	61062896	 VWCE
11	61066923	61110068	 DDB1
11	61100682	61120767	 DAK
11	61116217	61129771	 CYB561A3
11	61129473	61136981	 TMEM138
11	61159159	61166335	 TMEM216
11	61170121	61197503	 CPSF7
11	61196692	61253294	 RP11-286N22.8
11	61197514	61215001	 SDHAF2
11	61248592	61258403	 PPP1R32
11	61276272	61278482	 LRRC10B
11	61282785	61348620	 SYT7
11	61447905	61514473	 DAGLA
11	61520114	61555990	 MYRF
11	61535973	61560274	 TMEM258
11	61560109	61564716	 FEN1
11	61560452	61634826	 FADS2
11	61567099	61596790	 FADS1
11	61640991	61659523	 FADS3
11	61664773	61687741	 RAB3IL1
11	61717293	61732987	 BEST1
11	61727190	61735132	 FTH1
11	61735453	61736755	 AP003733.1
11	61891445	61920635	 INCENP
11	61957688	61961011	 SCGB1D1
11	61976140	61981408	 SCGB2A1
11	62009682	62012280	 SCGB1D2
11	62037627	62040628	 SCGB2A2
11	62063754	62066536	 SCGB1D4
11	62104920	62160882	 ASRGL1
11	62172575	62190667	 SCGB1A1
11	62201016	62323707	 AHNAK
11	62327073	62342401	 EEF1G
11	62327075	62359003	 MIR3654
11	62342517	62359649	 TUT1
11	62360686	62369312	 MTA2
11	62369690	62380237	 EML3
11	62379194	62382592	 ROM1
11	62382768	62389647	 B3GAT3
11	62392298	62414104	 GANAB
11	62414320	62420774	 INTS5
11	62417166	62432650	 RP11-831H9.11
11	62430287	62439727	 C11orf48
11	62432781	62435968	 METTL12
11	62437745	62441159	 C11orf83
11	62443970	62446567	 UBXN1
11	62453874	62457371	 LRRN4CL
11	62457747	62494856	 HNRNPUL2-BSCL2
11	62457747	62477317	 BSCL2
11	62475130	62476673	 GNG3
11	62480102	62494821	 HNRNPUL2
11	62495541	62507765	 TTC9C
11	62515791	62521660	 ZBTB3
11	62529016	62534182	 POLR2G
11	62538775	62554814	 TAF6L
11	62539101	62559493	 TMEM223
11	62554887	62557877	 TMEM179B
11	62559595	62573774	 NXF1
11	62574369	62599560	 STX5
11	62599814	62609281	 WDR74
11	62623518	62656352	 SLC3A2
11	62676151	62689279	 CHRM1
11	62703857	62752455	 SLC22A6
11	62756626	62783311	 SLC22A8
11	62847412	62911693	 SLC22A24
11	62905339	63137190	 SLC22A10
11	62931248	62997124	 SLC22A25
11	63137261	63177766	 SLC22A9
11	63228876	63258666	 HRASLS5
11	63273556	63284246	 LGALS12
11	63304281	63313934	 RARRES3
11	63320242	63330855	 HRASLS2
11	63340667	63384355	 PLA2G16
11	63391559	63439393	 ATL3
11	63448918	63527363	 RTN3
11	63580860	63595190	 C11orf84
11	63606400	63678491	 MARK2
11	63678693	63684316	 RCOR2
11	63706431	63724800	 NAA40
11	63742079	63744015	 COX8A
11	63742092	63755818	 AP000721.4
11	63753325	63769283	 OTUB1
11	63766030	63933578	 MACROD1
11	63870660	63886645	 FLRT1
11	63952744	63972015	 STIP1
11	63974150	63991354	 FERMT3
11	63991271	63993726	 TRPT1
11	63993413	63998158	 NUDT22
11	63997750	64001758	 DNAJC4
11	64002010	64006259	 VEGFB
11	64008475	64011604	 FKBP2
11	64011956	64014413	 PPP1R14B
11	64018995	64036622	 PLCB3
11	64037302	64052176	 BAD
11	64037534	64056972	 GPR137
11	64058774	64067503	 KCNK4
11	64067863	64072242	 TEX40
11	64073044	64084215	 ESRRA
11	64083932	64085556	 TRMT112
11	64085560	64089283	 PRDX5
11	64107695	64125006	 CCDC88B
11	64126620	64139687	 RPS6KA4
11	64216546	64219126	 AP003774.4
11	64323098	64340347	 SLC22A11
11	64358113	64369820	 SLC22A12
11	64373646	64490660	 NRXN2
11	64494383	64512928	 RASGRP2
11	64513861	64527769	 PYGM
11	64532078	64546258	 SF1
11	64556290	64570713	 MAP4K2
11	64570982	64578766	 MEN1
11	64590859	64612041	 CDC42BPG
11	64619114	64655768	 EHD1
11	64662007	64684722	 ATG2A
11	64685025	64701945	 PPP2R5B
11	64701943	64703360	 GPHA2
11	64704989	64739557	 C11orf85
11	64755415	64764517	 BATF2
11	64781585	64789656	 ARL2
11	64781654	64808042	 RP11-399J13.3
11	64794880	64808044	 SNX15
11	64808373	64812300	 SAC3D1
11	64812290	64826021	 NAALADL1
11	64833772	64851636	 CDCA5
11	64851695	64855870	 ZFPL1
11	64852451	64856847	 TMEM262
11	64856796	64879332	 VPS51
11	64879317	64883856	 TM7SF2
11	64883875	64885170	 ZNHIT2
11	64888100	64889945	 FAU
11	64889252	64902004	 SYVN1
11	64889655	64894843	 MRPL49
11	64937625	64940715	 SPDYC
11	64945077	64949305	 AP003068.23
11	64948037	64979477	 CAPN1
11	65029233	65073060	 POLA2
11	65082289	65089900	 CDC42EP2
11	65101225	65120720	 DPF2
11	65122238	65125084	 TIGD3
11	65142663	65151172	 SLC25A45
11	65154070	65180996	 FRMD8
11	65222728	65234028	 AP000769.1
11	65292548	65306175	 SCYL1
11	65306276	65326401	 LTBP3
11	65337901	65341413	 SSSCA1
11	65339820	65341669	 FAM89B
11	65343509	65360121	 EHBP1L1
11	65358665	65359947	 AP001362.1
11	65360326	65363467	 KCNK7
11	65365226	65382853	 MAP3K11
11	65383244	65404910	 PCNXL3
11	65405568	65418401	 SIPA1
11	65421067	65430565	 RELA
11	65479467	65487075	 KAT5
11	65482367	65488418	 RNASEH2C
11	65543364	65548273	 AP5B1
11	65554493	65564690	 OVOL1
11	65590493	65629497	 CFL1
11	65601112	65624367	 SNX32
11	65624597	65635124	 MUS81
11	65633912	65641063	 EFEMP2
11	65647280	65651212	 CTSW
11	65651212	65656010	 FIBP
11	65657875	65659105	 CCDC85B
11	65659520	65668044	 FOSL1
11	65684279	65686588	 C11orf68
11	65686728	65689032	 DRAP1
11	65729160	65747299	 SART1
11	65764016	65769647	 EIF1AD
11	65769550	65771620	 BANF1
11	65779312	65780976	 CST6
11	65784223	65793988	 CATSPER1
11	65809423	65816651	 GAL3ST3
11	65818200	65836779	 SF3B2
11	65834748	65837090	 RP11-1167A19.2
11	65837834	66012218	 PACS1
11	66024765	66035331	 KLC2
11	66036004	66044963	 RAB1B
11	66045661	66052772	 CNIH2
11	66052051	66056641	 YIF1A
11	66059341	66064135	 TMEM151A
11	66081958	66084515	 CD248
11	66097713	66104311	 RIN1
11	66104804	66112596	 BRMS1
11	66112843	66115163	 B3GNT1
11	66115421	66132275	 RP11-867G23.8
11	66129992	66139685	 SLC29A2
11	66188475	66194178	 NPAS4
11	66202546	66234209	 MRPL11
11	66234216	66244808	 PELI3
11	66247484	66277130	 DPP3
11	66276550	66301084	 CTD-3074O7.11
11	66278077	66301098	 BBS1
11	66288108	66313709	 ZDHHC24
11	66330934	66336312	 CTSF
11	66357640	66360554	 CCDC87
11	66360292	66373490	 CCS
11	66384053	66394818	 RBM14
11	66384097	66434153	 RBM4
11	66384097	66413940	 RBM14-RBM4
11	66432469	66445392	 RBM4B
11	66452719	66496697	 SPTBN2
11	66511922	66610987	 C11orf80
11	66610306	66614017	 RCE1
11	66615704	66725847	 PC
11	66624118	66627946	 LRFN4
11	66742748	66744475	 C11orf86
11	66774249	66818334	 SYT12
11	66824289	66839484	 RHOD
11	66886740	67025558	 KDM2A
11	66963391	66964638	 AP001885.1
11	67033881	67054027	 ADRBK1
11	67056018	67069956	 ANKRD13D
11	67070919	67080078	 SSH3
11	67118248	67124443	 POLD4
11	67131639	67141648	 CLCF1
11	67159176	67165881	 RAD9A
11	67165654	67188654	 PPP1CA
11	67171386	67177560	 TBC1D10C
11	67182439	67193078	 CARNS1
11	67195931	67202872	 RPS6KB2
11	67202981	67205538	 PTPRCAP
11	67205519	67211292	 CORO1B
11	67218772	67220200	 GPR152
11	67219877	67226699	 CABP4
11	67231824	67236743	 TMEM134
11	67250512	67258574	 AIP
11	67259239	67273734	 PITPNM1
11	67273968	67276120	 CDK2AP2
11	67286383	67290899	 CABP2
11	67351066	67354131	 GSTP1
11	67370351	67374177	 C11orf72
11	67374323	67380006	 NDUFV1
11	67395409	67397401	 NUDT8
11	67398774	67407031	 TBX10
11	67410026	67418130	 ACY3
11	67429633	67448671	 ALDH3B2
11	67758575	67772452	 UNC93B1
11	67776048	67796744	 ALDH3B1
11	67798084	67804111	 NDUFS8
11	67806483	67818362	 TCIRG1
11	67820326	67888911	 CHKA
11	67922330	67981295	 SUV420H1
11	68028803	68039469	 C11orf24
11	68080077	68216743	 LRP5
11	68228186	68382802	 PPP6R3
11	68451247	68458643	 GAL
11	68474908	68519032	 MTL5
11	68522088	68611878	 CPT1A
11	68658744	68671303	 MRPL21
11	68671310	68708070	 IGHMBP2
11	68747490	68748455	 MRGPRD
11	68771863	68780877	 MRGPRF
11	68816365	68858072	 TPCN2
11	69061605	69182494	 MYEOV
11	69455855	69469242	 CCND1
11	69467844	69490184	 ORAOV1
11	69513000	69519410	 FGF19
11	69587254	69587718	 AP001888.1
11	69587797	69590171	 FGF4
11	69624992	69633792	 FGF3
11	69924408	70035634	 ANO1
11	70049269	70053496	 FADD
11	70116806	70230509	 PPFIA1
11	70244510	70282690	 CTTN
11	70313961	70963623	 SHANK2
11	71139239	71163914	 DHCR7
11	71164155	71235153	 NADSYN1
11	71238313	71239210	 KRTAP5-7
11	71249071	71250253	 KRTAP5-8
11	71259466	71260653	 KRTAP5-9
11	71276609	71279980	 KRTAP5-10
11	71292901	71314399	 KRTAP5-11
11	71292956	71318487	 AP000867.1
11	71498556	71512282	 FAM86C1
11	71544246	71548756	 DEFB108B
11	71576555	71639700	 RP11-849H4.2
11	71639747	71708643	 RNF121
11	71709587	71716761	 IL18BP
11	71713910	71791739	 NUMA1
11	71791382	71821828	 LRTOMT
11	71796941	71814433	 LAMTOR1
11	71817424	71823826	 ANAPC15
11	71825915	71850936	 FOLR3
11	71900602	71907345	 FOLR1
11	71927645	71932994	 FOLR2
11	71934745	71950149	 INPPL1
11	71950121	71956708	 PHOX2A
11	72003469	72145692	 CLPB
11	72287185	72385635	 PDE2A
11	72396114	72504644	 ARAP1
11	72465774	72504726	 STARD10
11	72525353	72554719	 ATG16L2
11	72547790	72853306	 FCHSD2
11	72929343	72947397	 P2RY2
11	72975550	73009662	 P2RY6
11	73019334	73080136	 ARHGEF17
11	73087309	73108519	 RELT
11	73111532	73309234	 FAM168A
11	73357223	73373864	 PLEKHB1
11	73386683	73472182	 RAB6A
11	73498361	73576178	 MRPL48
11	73583712	73588033	 COA4
11	73587744	73638790	 PAAF1
11	73661364	73681411	 DNAJB13
11	73685712	73694352	 UCP2
11	73711326	73720480	 UCP3
11	73723763	73882255	 C2CD3
11	73882144	73965748	 PPME1
11	73946846	74022702	 P4HA3
11	74041363	74109518	 PGM2L1
11	74165886	74178774	 KCNE3
11	74202757	74204778	 LIPT2
11	74204896	74380162	 POLD3
11	74407474	74442430	 CHRDL2
11	74459913	74553458	 RNF169
11	74518784	74660245	 XRRA1
11	74660292	74690076	 SPCS2
11	74699179	74729938	 NEU3
11	74799758	74800799	 OR2AT4
11	74811608	74917594	 SLCO2B1
11	74951950	74954742	 TPBGL
11	74975226	75062873	 ARRB1
11	75110530	75133324	 RPS3
11	75133438	75141674	 KLHL35
11	75145685	75236948	 GDPD5
11	75273101	75283828	 SERPINH1
11	75297963	75380165	 MAP6
11	75428864	75444003	 MOGAT2
11	75470557	75512579	 DGAT2
11	75526212	75854239	 UVRAG
11	75897369	75921780	 WNT11
11	76061000	76092015	 PRKRIR
11	76092357	76125663	 RP11-111M22.2
11	76155967	76264069	 C11orf30
11	76368568	76381791	 LRRC32
11	76493295	76509198	 TSKU
11	76571911	76737841	 ACER3
11	76745385	76753096	 B3GNT6
11	76777979	76837201	 CAPN5
11	76813886	76814377	 OMP
11	76839310	76926284	 MYO7A
11	76927603	77012732	 GDPD4
11	77032752	77185680	 PAK1
11	77184416	77188074	 DKFZP434E1119
11	77225981	77348850	 CLNS1A
11	77300436	77321400	 AQP11
11	77371041	77532063	 RSF1
11	77532155	77629478	 AAMDC
11	77589766	77705724	 INTS4
11	77726761	77757237	 KCTD14
11	77728017	77790911	 NDUFC2-KCTD14
11	77774907	77779397	 THRSP
11	77779350	77791265	 NDUFC2
11	77811982	77850706	 ALG8
11	77882295	77899868	 KCTD21
11	77899858	77925757	 USP35
11	77926343	78129394	 GAB2
11	78147007	78285919	 NARS2
11	78363876	79151992	 TENM4
11	82443053	82444906	 FAM181B
11	82534544	82681626	 PRCP
11	82611017	82669319	 C11orf82
11	82684175	82782965	 RAB30
11	82868030	82898493	 PCF11
11	82904781	82971736	 ANKRD42
11	82970139	82997450	 CCDC90B
11	83166055	85338966	 DLG2
11	85339629	85347580	 TMEM126B
11	85359011	85367591	 TMEM126A
11	85370752	85393951	 CREBZF
11	85394893	85397320	 CCDC89
11	85405267	85522184	 SYTL2
11	85563600	85565986	 AP000974.1
11	85566144	85631064	 CCDC83
11	85668727	85780924	 PICALM
11	85955586	85989855	 EED
11	86013253	86056969	 C11orf73
11	86085778	86134151	 CCDC81
11	86152150	86383678	 ME3
11	86502101	86663952	 PRSS23
11	86656721	86666433	 FZD4
11	86748886	87034800	 TMEM135
11	87846410	87908635	 RAB38
11	88026760	88070955	 CTSC
11	88237744	88799113	 GRM5
11	88910620	89028927	 TYR
11	89057524	89322779	 NOX4
11	89443467	89451040	 TRIM77
11	89530823	89541743	 TRIM49
11	89602450	89609185	 TRIM64B
11	89644279	89654935	 TRIM49D1
11	89764274	89806558	 TRIM49C
11	89864683	89926062	 NAALAD2
11	89934328	89956532	 CHORDC1
11	92085262	92629618	 FAT3
11	92702886	92718232	 MTNR1B
11	92877341	92931130	 SLC36A4
11	93063137	93171653	 CCDC67
11	93211638	93276674	 SMCO4
11	93394805	93463522	 KIAA1731
11	93463114	93517557	 TAF1D
11	93474757	93497915	 C11orf54
11	93517393	93547861	 MED17
11	93551398	93583697	 VSTM5
11	93754527	93846917	 HEPHL1
11	93862094	93915138	 PANX1
11	94038759	94040887	 FOLR4
11	94110477	94134585	 GPR83
11	94152895	94227074	 MRE11A
11	94226795	94232749	 ANKRD49
11	94277006	94354587	 PIWIL4
11	94277017	94283063	 FUT4
11	94439597	94609918	 AMOTL1
11	94695787	94706776	 CWC15
11	94706845	94732682	 KDM4D
11	94758422	94760760	 KDM4E
11	94822974	94865809	 ENDOD1
11	94898704	94965705	 SESN3
11	95502106	95523573	 FAM76B
11	95523129	95565857	 CEP57
11	95566046	95658479	 MTMR2
11	95709762	96076344	 MAML2
11	96085933	96123087	 CCDC82
11	96123153	96240738	 JRKL
11	98891683	100229616	 CNTN5
11	100558384	100862668	 ARHGAP42
11	100862811	100864663	 TMEM133
11	100900355	101001255	 PGR
11	101322295	101743293	 TRPC6
11	101761405	101787253	 ANGPTL5
11	101785746	101871789	 KIAA1377
11	101918174	101955291	 C11orf70
11	101981192	102104154	 YAP1
11	102188215	102210134	 BIRC3
11	102217942	102249401	 BIRC2
11	102267063	102341115	 TMEM123
11	102337986	102369532	 RP11-315O6.2
11	102391239	102401484	 MMP7
11	102447566	102496063	 MMP20
11	102552041	102554644	 RP11-817J15.3
11	102562218	102576537	 MMP27
11	102582526	102597781	 MMP8
11	102641234	102651359	 MMP10
11	102660651	102668891	 MMP1
11	102706532	102714534	 MMP3
11	102813724	102826463	 MMP13
11	102932805	102962944	 DCUN1D5
11	102980160	103350591	 DYNC2H1
11	103777914	104035107	 PDGFD
11	103907308	103909922	 DDI1
11	104756445	104769397	 CASP12
11	104813593	104840163	 CASP4
11	104864962	104893895	 CASP5
11	104896170	104972158	 CASP1
11	104912053	104972158	 CARD16
11	104963196	104972158	 CARD17
11	105008448	105010453	 CARD18
11	105480721	105852819	 GRIA4
11	105866350	105893130	 MSANTD4
11	105921825	105948492	 KBTBD3
11	105946228	105969437	 AASDHPPT
11	106544738	106889250	 GUCY1A2
11	107197071	107328572	 CWF19L2
11	107373452	107436472	 ALKBH8
11	107461817	107537505	 ELMOD1
11	107462471	107463949	 AP000889.3
11	107578104	107590419	 SLN
11	107582998	107595135	 AP002353.1
11	107643129	107647344	 AP001024.2
11	107650219	107652316	 AP001024.1
11	107661717	107799019	 SLC35F2
11	107799229	107834208	 RAB39A
11	107879459	107978503	 CUL5
11	107992243	108018503	 ACAT1
11	108027942	108093369	 NPAT
11	108093211	108239829	 ATM
11	108130255	108136480	 AP001925.1
11	108179246	108338258	 C11orf65
11	108342832	108369159	 KDELC2
11	108376158	108464465	 EXPH5
11	108535752	108811657	 DDX10
11	109292846	109299840	 C11orf87
11	109964087	110042566	 ZC3H12C
11	110045605	110167447	 RDX
11	110300607	110335605	 FDX1
11	110447766	110583912	 ARHGAP20
11	111126707	111157126	 C11orf53
11	111164114	111175770	 COLCA1
11	111169565	111179460	 COLCA2
11	111222977	111326355	 POU2AF1
11	111322064	111328876	 RP11-794P6.2
11	111338251	111383079	 BTG4
11	111385510	111407756	 C11orf88
11	111411005	111432264	 LAYN
11	111473115	111601577	 SIK2
11	111597632	111637151	 PPP2R1B
11	111652919	111742305	 ALG9
11	111657010	111750149	 ALG9
11	111744780	111751967	 FDXACB1
11	111749659	111756699	 C11orf1
11	111779289	111794446	 CRYAB
11	111782966	111789574	 HSPB2
11	111783460	111797595	 HSPB2-C11orf52
11	111788756	111797596	 C11orf52
11	111797868	111893308	 DIXDC1
11	111895538	111935114	 DLAT
11	111934734	111944998	 PIH1D2
11	111944810	111955874	 C11orf57
11	111955524	111957522	 TIMM8B
11	111957497	111990353	 SDHD
11	111957627	112064528	 SDHD
11	112013974	112034840	 IL18
11	112038095	112043282	 TEX12
11	112041253	112071394	 AP002884.3
11	112046190	112095422	 BCO2
11	112097088	112140678	 PTS
11	112118876	112131583	 PLET1
11	112130988	112132117	 AP002884.2
11	112831997	113149158	 NCAM1
11	113185251	113254266	 TTC12
11	113258513	113271140	 ANKK1
11	113280318	113346413	 DRD2
11	113558272	113577095	 TMPRSS5
11	113603909	113644533	 ZW10
11	113650469	113651222	 CLDN25
11	113668596	113746292	 USP28
11	113775399	113817287	 HTR3B
11	113845603	113861035	 HTR3A
11	113930315	114121398	 ZBTB16
11	114128509	114184007	 NNMT
11	114262165	114271139	 C11orf71
11	114270752	114284925	 RBM7
11	114271404	114314654	 RP11-212D19.4
11	114310108	114321001	 REXO2
11	114392437	114430617	 NXPE1
11	114441313	114466484	 NXPE4
11	114549108	114579362	 NXPE2
11	115039938	115375675	 CADM1
11	116618886	116643704	 BUD13
11	116648436	116658766	 ZNF259
11	116660083	116663136	 APOA5
11	116691419	116694022	 APOA4
11	116700422	116703788	 APOC3
11	116706467	116708666	 APOA1
11	116714118	116969153	 SIK3
11	117014983	117047610	 PAFAH1B2
11	117049449	117068160	 SIDT2
11	117070037	117075498	 TAGLN
11	117075053	117103241	 PCSK7
11	117103341	117157161	 RNF214
11	117156402	117186975	 BACE1
11	117185273	117283984	 CEP164
11	117298489	117688240	 DSCAML1
11	117671559	117699413	 FXYD2
11	117690878	117747382	 FXYD6-FXYD2
11	117707693	117748201	 FXYD6
11	117771358	117800174	 TMPRSS13
11	117857063	117872196	 IL10RA
11	117947753	117992605	 TMPRSS4
11	118004092	118023603	 SCN4B
11	118032666	118047388	 SCN2B
11	118064455	118095809	 AMICA1
11	118097409	118123065	 MPZL3
11	118124118	118135251	 MPZL2
11	118175260	118186890	 CD3E
11	118209669	118213459	 CD3D
11	118215059	118225876	 CD3G
11	118230300	118269926	 UBE4A
11	118267810	118272610	 RP11-770J1.5
11	118271869	118302211	 ATP5L
11	118303836	118305921	 RP11-770J1.4
11	118307205	118397539	 KMT2A
11	118398187	118401912	 TTC36
11	118401756	118417995	 TMEM25
11	118415243	118443685	 IFT46
11	118443105	118473748	 ARCN1
11	118477155	118528741	 PHLDB1
11	118528026	118550399	 TREH
11	118620034	118661858	 DDX6
11	118754475	118768508	 CXCR5
11	118764584	118796317	 BCL9L
11	118795873	118829269	 UPK2
11	118842417	118852001	 FOXR1
11	118868852	118886501	 CCDC84
11	118886422	118889401	 RPS25
11	118889142	118896164	 TRAPPC4
11	118894824	118901616	 SLC37A4
11	118914900	118927913	 HYOU1
11	118938403	118952688	 VPS11
11	118955576	118964259	 HMBS
11	118964564	118966177	 H2AFX
11	118967213	118979041	 DPAGT1
11	118972908	118989252	 C2CD2L
11	118992297	119006752	 HINFP
11	119019722	119033360	 ABCG4
11	119027590	119027930	 AP002956.1
11	119037277	119054725	 NLRX1
11	119056166	119060932	 PDZD3
11	119060347	119067479	 CCDC153
11	119076752	119178859	 CBL
11	119179241	119192231	 MCAM
11	119205237	119208023	 RNF26
11	119209652	119217383	 C1QTNF5
11	119209652	119217383	 MFRP
11	119209652	119217368	 MFRP
11	119225925	119252436	 USP2
11	119288090	119295695	 THY1
11	119494120	119599794	 PVRL1
11	119981983	120056237	 TRIM29
11	120039685	120042387	 AP000679.2
11	120081475	120101041	 OAF
11	120107349	120190653	 POU2F3
11	120195838	120204391	 TMEM136
11	120207787	120360645	 ARHGEF12
11	120329880	120330047	 AP000758.1
11	120382468	120859613	 GRIK4
11	120382511	120385732	 AP002348.1
11	120894781	120961484	 TBCEL
11	120971882	121062202	 TECTA
11	121163162	121179403	 SC5D
11	121322912	121504402	 SORL1
11	121986062	121986923	 BLID
11	122526383	122685181	 UBASH3B
11	122709208	122743347	 CRTAM
11	122753391	122830506	 C11orf63
11	122848278	122852428	 BSX
11	122928197	122933938	 HSPA8
11	122943035	123065989	 CLMP
11	123301058	123306427	 AP000783.1
11	123396344	123498482	 GRAMD1B
11	123499895	123525952	 SCN3B
11	123594885	123612383	 ZNF202
11	123624196	123625253	 OR6X1
11	123676043	123677095	 OR6M1
11	123753633	123756349	 TMEM225
11	123777109	123778183	 OR8D4
11	123810250	123811344	 OR4D5
11	123813492	123814580	 OR6T1
11	123847368	123848488	 OR10S1
11	123864870	123865868	 OR10G6
11	123886282	123887217	 OR10G4
11	123893720	123894655	 OR10G9
11	123900297	123901341	 OR10G8
11	123908773	123909717	 OR10G7
11	123986069	124018428	 VWA5A
11	124055923	124056952	 OR10D3
11	124134723	124135763	 OR8G5
11	124179708	124180733	 OR8D1
11	124189134	124190184	 OR8D2
11	124252291	124253258	 OR8B2
11	124266278	124267264	 OR8B3
11	124293807	124294789	 OR8B4
11	124310022	124311054	 OR8B8
11	124412578	124413575	 OR8B12
11	124439893	124441037	 OR8A1
11	124481386	124490252	 PANX3
11	124492732	124505287	 TBRG1
11	124503009	124565603	 SIAE
11	124543694	124567414	 SPA17
11	124609742	124617106	 NRGN
11	124617368	124622134	 VSIG2
11	124622026	124632186	 ESAM
11	124636394	124670569	 MSANTD2
11	124735282	124751366	 ROBO3
11	124753587	124768396	 ROBO4
11	124761200	124762022	 RP11-664I21.6
11	124789089	124806308	 HEPACAM
11	124789146	124790573	 HEPN1
11	124824017	124911385	 CCDC15
11	124932963	124959131	 SLC37A2
11	124966398	124981659	 TMEM218
11	125034583	125303285	 PKNOX2
11	125315646	125366213	 FEZ1
11	125365110	125369424	 AP000708.1
11	125439112	125454575	 EI24
11	125461607	125495110	 STT3A
11	125495036	125546150	 CHEK1
11	125541417	125551018	 ACRV1
11	125616188	125619762	 PATE1
11	125646008	125648714	 PATE2
11	125658006	125661495	 PATE3
11	125703211	125709964	 PATE4
11	125753509	125770543	 HYLS1
11	125763381	125773116	 PUS3
11	125773271	125793158	 DDX25
11	125825691	125933230	 CDON
11	126071993	126081587	 RPUSD4
11	126081309	126132881	 FAM118B
11	126132814	126139039	 SRPR
11	126138950	126148026	 FOXRED1
11	126152960	126168740	 TIRAP
11	126164193	126174213	 RP11-712L6.5
11	126173647	126215644	 DCPS
11	126225535	126310239	 ST3GAL4
11	126293254	126873355	 KIRREL3
11	128328656	128457453	 ETS1
11	128556430	128683162	 FLI1
11	128706210	128737268	 KCNJ1
11	128761251	128790930	 KCNJ5
11	128769460	128775930	 C11orf45
11	128804626	128813040	 TP53AIP1
11	128834955	129149219	 ARHGAP32
11	129245835	129322171	 BARX2
11	129685714	129729898	 TMEM45B
11	129733531	129765485	 NFRKB
11	129769601	129872730	 PRDM10
11	129936836	129944012	 AP003041.2
11	129939732	130014699	 APLP2
11	130029457	130080271	 ST14
11	130096572	130184581	 ZBTB44
11	130274820	130298888	 ADAMTS8
11	130318869	130346532	 ADAMTS15
11	130542851	130587247	 C11orf44
11	130745331	130786404	 SNX19
11	131240373	132206716	 NTM
11	132284871	133402414	 OPCML
11	133710526	133715433	 SPATA19
11	133778459	133826880	 IGSF9B
11	133938820	134021896	 JAM3
11	134020014	134095348	 NCAPD3
11	134094539	134117686	 VPS26B
11	134118173	134123264	 THYN1
11	134123389	134135749	 ACAD8
11	134144139	134189458	 GLB1L3
11	134201768	134248235	 GLB1L2
11	134248398	134281812	 B3GAT1
11	134855246	134856693	 AP003062.1
