2	38814	46870	 FAM110C
2	217730	266398	 SH3YL1
2	264140	278283	 ACP1
2	279558	288851	 FAM150B
2	667335	677439	 TMEM18
2	946554	1371385	 SNTG2
2	1377995	1547483	 TPO
2	1635659	1748624	 PXDN
2	1792885	2335032	 MYT1L
2	3192696	3381653	 TSSC1
2	3383446	3488865	 TRAPPC12
2	3501132	3523507	 ADI1
2	3579574	3595547	 RP13-512J5.1
2	3592383	3606206	 RNASEH1
2	3622795	3628509	 RPS7
2	3642426	3692048	 COLEC11
2	3705785	3750261	 ALLC
2	3751453	3836122	 DCDC2C
2	5832799	5841516	 SOX11
2	6111712	6114374	 DKFZP761K2322
2	6980701	7006766	 CMPK2
2	7005937	7038370	 RSAD2
2	7057523	7208417	 RNF144A
2	8818975	8824583	 ID2
2	8865408	8977760	 KIDINS220
2	8992820	9143942	 MBOAT2
2	9346894	9545812	 ASAP2
2	9543604	9563676	 ITGB1BP1
2	9563697	9613230	 CPSF3
2	9613787	9636672	 IAH1
2	9628615	9695921	 ADAM17
2	9724101	9771143	 YWHAQ
2	9983483	10074545	 TAF1B
2	10085341	10142411	 GRHL1
2	10182976	10194963	 KLF11
2	10196907	10221071	 CYS1
2	10223908	10226228	 AC104794.4
2	10262455	10271545	 RRM2
2	10281509	10351851	 C2orf48
2	10443015	10567743	 HPCAL1
2	10580094	10588630	 ODC1
2	10710892	10830101	 NOL10
2	10861775	10925236	 ATP6V1C2
2	10923517	10978103	 PDIA6
2	10987703	10995081	 AC092687.4
2	11052063	11054350	 KCNF1
2	11273179	11286916	 C2orf50
2	11295324	11319000	 PQLC3
2	11319887	11488456	 ROCK2
2	11584501	11606297	 E2F6
2	11603927	11606274	 AC099344.1
2	11674242	11782914	 GREB1
2	11798304	11810290	 NTSR2
2	11817721	11967535	 LPIN1
2	12857015	12882860	 TRIB2
2	14772810	14790933	 FAM84A
2	14775215	14790933	 AC011897.1
2	15307032	15701454	 NBAS
2	15731302	15771235	 DDX1
2	15830906	15884463	 AC008271.1
2	16080686	16087129	 MYCN
2	16730727	16847599	 FAM49A
2	17691851	17699706	 RAD51AP2
2	17720393	17838285	 VSNL1
2	17845079	17981509	 SMC6
2	17935125	17966632	 GEN1
2	17997763	17998368	 MSGN1
2	18059114	18542882	 KCNS3
2	18735989	18741946	 RDH14
2	18736811	18770830	 NT5C1B-RDH14
2	18737050	18770838	 NT5C1B
2	19551246	19558414	 OSR1
2	20096404	20101747	 TTC32
2	20110021	20189892	 WDR35
2	20191872	20212455	 MATN3
2	20232411	20251789	 LAPTM4A
2	20400558	20425194	 SDC1
2	20448452	20551995	 PUM2
2	20646835	20649200	 RHOB
2	20760208	20850849	 HS1BP3
2	20866424	20873418	 GDF7
2	20883788	21022882	 C2orf43
2	21224301	21266945	 APOB
2	21346789	21366144	 TDRD15
2	23608088	23931481	 KLHL29
2	23729913	23747214	 AC011239.1
2	23971534	24149984	 ATAD2B
2	24150155	24227779	 UBXN2A
2	24232951	24286191	 MFSD2B
2	24252210	24272445	 C2orf44
2	24272571	24286551	 FKBP1B
2	24290454	24299313	 SF3B14
2	24299396	24392509	 FAM228B
2	24300303	24308731	 TP53I3
2	24338241	24346347	 PFN4
2	24347236	24413305	 RP11-507M3.1
2	24397938	24423718	 FAM228A
2	24425733	24583583	 ITSN2
2	24714783	24993571	 NCOA1
2	25012603	25016251	 PTRHD1
2	25016005	25045245	 CENPO
2	25042038	25142708	 ADCY3
2	25166505	25194963	 DNAJC27
2	25264999	25378243	 EFR3B
2	25383722	25391772	 POMC
2	25455845	25565459	 DNMT3A
2	25600067	25896503	 DTNB
2	25956622	26101385	 ASXL2
2	26149471	26205618	 KIF3C
2	26251074	26251481	 AC013449.1
2	26256976	26360323	 RAB10
2	26395960	26412532	 GAREML
2	26413504	26467594	 HADHA
2	26466038	26513336	 HADHB
2	26531041	26569685	 GPR113
2	26531415	26618759	 EPT1
2	26624784	26679579	 DRC1
2	26680071	26781566	 OTOF
2	26785450	26802400	 C2orf70
2	26804070	26864236	 CIB4
2	26915619	26956288	 KCNK3
2	26987152	27004099	 SLC35F6
2	26987157	27023935	 CENPA
2	27070615	27173219	 DPYSL5
2	27193480	27250064	 MAPRE3
2	27255778	27264563	 TMEM214
2	27265232	27293490	 AGBL5
2	27293340	27294641	 OST4
2	27301435	27309271	 EMILIN1
2	27309615	27323640	 KHK
2	27321757	27341995	 CGREF1
2	27346682	27353680	 ABHD1
2	27353624	27357543	 PREB
2	27359723	27362278	 C2orf53
2	27371872	27376378	 TCF23
2	27422455	27435826	 SLC5A6
2	27434895	27440046	 ATRAID
2	27440258	27466811	 CAD
2	27476552	27498685	 SLC30A3
2	27498289	27504367	 DNAJC5G
2	27505260	27530307	 TRIM54
2	27530268	27531313	 UCN
2	27532360	27548547	 MPV17
2	27548716	27579868	 GTF3C2
2	27587219	27593353	 EIF2B4
2	27593389	27599995	 SNX17
2	27600098	27603657	 ZNF513
2	27604061	27632554	 PPM1G
2	27650657	27665126	 NRBP1
2	27665233	27669348	 KRTCAP3
2	27667238	27712656	 IFT172
2	27714750	27718112	 FNDC4
2	27719709	27746554	 GCKR
2	27760253	27790011	 AC109829.1
2	27799389	27805588	 C2orf16
2	27805897	27858041	 ZNF512
2	27848506	27851879	 CCDC121
2	27851114	27874375	 GPN1
2	27873679	27886676	 SUPT7L
2	27886338	27917840	 SLC4A1AP
2	27928653	27938599	 AC074091.13
2	27994584	28210954	 MRPL33
2	27998851	28009186	 AC110084.1
2	28004231	28113965	 RBKS
2	28112808	28561768	 BRE
2	28615315	28640179	 FOSL2
2	28680012	28866654	 PLB1
2	28974506	29025806	 PPP1CB
2	29005383	29073477	 SPDYA
2	29072687	29093167	 TRMT61B
2	29117509	29171088	 WDR43
2	29179477	29284239	 FAM179A
2	29283842	29297127	 C2orf71
2	29320571	29412509	 CLIP4
2	29415640	30144432	 ALK
2	30369807	30383399	 YPEL5
2	30454397	30546596	 LBH
2	30670092	30867091	 LCLAT1
2	30945637	31043408	 CAPN13
2	31133333	31378068	 GALNT14
2	31395924	31456724	 CAPN14
2	31456880	31492313	 EHD3
2	31557187	31637581	 XDH
2	32090129	32236299	 MEMO1
2	32092878	32264881	 DPY30
2	32288680	32382706	 SPAST
2	32390933	32449448	 SLC30A6
2	32449522	32490923	 NLRC4
2	32502979	32541663	 YIPF4
2	32582096	32843966	 BIRC6
2	32853099	33046118	 TTC27
2	33172039	33624576	 LTBP1
2	33661391	33789817	 RASGRP3
2	33808725	33824449	 FAM98A
2	36583069	36778278	 CRIM1
2	36758948	36779411	 AC007401.2
2	36778570	36873230	 FEZ2
2	36923833	37041935	 VIT
2	37068327	37068530	 AC007382.1
2	37070783	37193615	 STRN
2	37195526	37311485	 HEATR5B
2	37311594	37326387	 GPATCH11
2	37326353	37384208	 EIF2AK2
2	37394963	37423741	 SULT6B1
2	37423631	37443336	 CEBPZ-AS1
2	37428755	37458856	 CEBPZ
2	37458774	37480546	 NDUFAF7
2	37477645	37551951	 PRKD3
2	37571717	37600465	 QPCT
2	37869032	37965611	 CDC42EP3
2	38150330	38294285	 RMDN2
2	38294116	38337044	 CYP1B1
2	38522022	38604427	 ATL2
2	38789120	38830728	 HNRNPLL
2	38893052	38968379	 GALM
2	38970741	38978636	 SRSF7
2	38978676	39012142	 GEMIN6
2	39024871	39103075	 DHX57
2	39103103	39156213	 MORN2
2	39117021	39202590	 ARHGEF33
2	39186764	39187483	 AC019171.1
2	39208537	39351486	 SOS1
2	39402787	39456729	 CDKL4
2	39476407	39664453	 MAP4K3
2	39892122	39945103	 TMEM178A
2	39963200	40006407	 THUMPD2
2	40324410	40838193	 SLC8A1
2	40488147	40490117	 AC007377.1
2	42162508	42181406	 C2orf91
2	42275160	42285668	 PKDCC
2	42396490	42559688	 EML4
2	42560686	42652228	 COX7A2L
2	42669157	42721237	 KCNG3
2	42721709	42984087	 MTA3
2	42989642	42991401	 OXER1
2	42994229	43019733	 HAAO
2	43393800	43823185	 THADA
2	43449541	43453748	 ZFP36L2
2	43864412	43995126	 PLEKHH2
2	44001178	44037149	 DYNC2LI1
2	44039611	44066004	 ABCG5
2	44066103	44105605	 ABCG8
2	44113647	44223144	 LRPPRC
2	44395108	44471523	 PPM1B
2	44502599	44548633	 SLC3A1
2	44543420	44589001	 PREPL
2	44589089	44999731	 CAMKMT
2	45168902	45173216	 SIX3
2	45232300	45236569	 SIX2
2	45615819	45839304	 SRBD1
2	45878484	46415129	 PRKCE
2	46520806	46613836	 EPAS1
2	46656329	46711564	 TMEM247
2	46717889	46769696	 ATP6V1E2
2	46768945	46810260	 RHOQ
2	46808076	46844258	 PIGF
2	46843555	46852881	 CRIPT
2	46926091	46990268	 SOCS5
2	47043807	47049796	 LINC01118
2	47043836	47086146	 LINC01119
2	47129009	47168994	 MCFD2
2	47143296	47303276	 TTC7A
2	47272677	47382517	 C2orf61
2	47293080	47403650	 RP11-761B3.1
2	47387221	47403740	 CALM2
2	47572297	47614740	 EPCAM
2	47630108	47789450	 MSH2
2	47743720	47798078	 KCNK12
2	47799601	47801998	 AC138655.1
2	47922669	48037240	 MSH6
2	48016455	48132932	 FBXO11
2	48541776	48606433	 FOXN2
2	48667737	48742525	 PPP1R21
2	48756522	48826025	 STON1
2	48757064	49003654	 STON1-GTF2A1L
2	48844937	48960287	 GTF2A1L
2	48859428	48982880	 LHCGR
2	49189296	49381676	 FSHR
2	50145643	51259674	 NRXN1
2	53759810	54087170	 GPR75-ASB3
2	53897430	54087297	 ASB3
2	53994929	54002333	 CHAC2
2	54014181	54045956	 ERLEC1
2	54080050	54087126	 GPR75
2	54091204	54197977	 PSME4
2	54197975	54532437	 ACYP2
2	54480315	54483409	 TSPYL6
2	54557171	54610879	 C2orf73
2	54683422	54896812	 SPTBN1
2	54950636	55199157	 EML6
2	55199325	55339757	 RTN4
2	55401927	55459699	 CLHC1
2	55459039	55462989	 RPS27A
2	55463731	55496483	 MTIF2
2	55514978	55647057	 CCDC88A
2	55746740	55773015	 CCDC104
2	55774428	55846015	 SMEK2
2	55861400	55921045	 PNPT1
2	56093102	56151274	 EFEMP1
2	56411258	56613308	 CCDC85A
2	58134786	58387055	 VRK2
2	58386378	58468507	 FANCL
2	60678302	60780702	 BCL11A
2	60983365	61029220	 PAPOLG
2	61108656	61158745	 REL
2	61167357	61245394	 PUS10
2	61244360	61279125	 PEX13
2	61293006	61391960	 KIAA1841
2	61372243	61391964	 C2orf74
2	61404553	61418338	 AHSA2
2	61414598	61697904	 USP34
2	61704984	61765761	 XPO1
2	62051989	62081278	 FAM161A
2	62095224	62115939	 CCT4
2	62115859	62374382	 COMMD1
2	62423248	62451866	 B3GNT2
2	62727356	62739029	 TMEM17
2	62900986	63273622	 EHBP1
2	63277192	63284971	 OTX1
2	63348518	64054977	 WDPCP
2	63815743	63834331	 MDH1
2	64068074	64118696	 UGP2
2	64119280	64246206	 VPS54
2	64319786	64371588	 PELI1
2	64681103	64688515	 LGALSL
2	64751465	64820139	 AFTPH
2	64858755	64978139	 SERTAD2
2	65215611	65250999	 SLC1A4
2	65283500	65314138	 CEP68
2	65297835	65357240	 RAB1A
2	65454887	65498387	 ACTR2
2	65537985	65659771	 SPRED2
2	66660584	66801001	 MEIS1
2	67624451	67637677	 ETAA1
2	68268262	68338080	 C1D
2	68350068	68384692	 WDR92
2	68358370	68488362	 RP11-474G23.1
2	68384976	68403370	 PNO1
2	68405989	68483369	 PPP3R1
2	68511303	68547183	 CNRIP1
2	68592305	68624585	 PLEK
2	68686551	68694390	 FBXO48
2	68694693	68858004	 APLF
2	68870721	68882708	 PROKR1
2	68906733	69053965	 ARHGAP25
2	69092613	69098649	 BMP10
2	69172364	69180102	 GKN2
2	69201705	69208106	 GKN1
2	69240310	69476459	 ANTXR1
2	69546905	69614382	 GFPT1
2	69622882	69664760	 NFU1
2	69688532	69901481	 AAK1
2	69871557	70053596	 ANXA4
2	70056774	70108528	 GMCL1
2	70120692	70132707	 SNRNP27
2	70124820	70170077	 MXD1
2	70129482	70129841	 AC019206.1
2	70187226	70189397	 ASPRV1
2	70314585	70316332	 PCBP1
2	70377012	70475747	 C2orf42
2	70436576	70475792	 TIA1
2	70484518	70508323	 PCYOX1
2	70508494	70520903	 SNRPG
2	70523107	70529222	 FAM136A
2	70674412	70781325	 TGFA
2	70834750	70995357	 ADD2
2	71004442	71017775	 FIGLA
2	71035775	71047732	 CLEC4F
2	71057347	71062952	 CD207
2	71127720	71160576	 VAX2
2	71163012	71192536	 ATP6V1B1
2	71166448	71222466	 AC007040.11
2	71205510	71212626	 ANKRD53
2	71213068	71222075	 TEX261
2	71291474	71306935	 NAGK
2	71336814	71357369	 MCEE
2	71357444	71377231	 MPHOSPH10
2	71409869	71454213	 PAIP2B
2	71503691	71662199	 ZNF638
2	71680852	71913898	 DYSF
2	72356367	72375167	 CYP26B1
2	72403113	73053170	 EXOC6B
2	73114489	73119287	 SPR
2	73143389	73162020	 EMX1
2	73169165	73302747	 SFXN5
2	73300510	73383849	 RAB11FIP5
2	73429386	73439641	 NOTO
2	73441350	73454365	 SMYD5
2	73455134	73460366	 PRADC1
2	73460548	73480149	 CCT7
2	73481810	73511559	 FBXO41
2	73518058	73520833	 EGR4
2	73612886	73837920	 ALMS1
2	73867959	73869520	 NAT8
2	73956231	73964527	 TPRKB
2	73989311	74007284	 DUSP11
2	74011316	74044274	 C2orf78
2	74056086	74100786	 STAMBP
2	74119441	74146992	 ACTG2
2	74153953	74186088	 DGUOK
2	74229840	74335303	 TET3
2	74361599	74362521	 MGC10955
2	74362525	74375121	 BOLA3
2	74379655	74406025	 MOB1A
2	74418517	74418627	 CATX-2
2	74425689	74444692	 MTHFD2
2	74438731	74590504	 RP11-287D1.3
2	74443369	74570541	 SLC4A5
2	74588281	74619214	 DCTN1
2	74641304	74648718	 C2orf81
2	74648805	74652882	 WDR54
2	74652963	74669549	 RTKN
2	74682150	74688011	 INO80B
2	74685456	74688018	 WBP1
2	74688184	74692537	 MOGS
2	74699085	74700449	 MRPL53
2	74699113	74710535	 CCDC142
2	74710200	74722013	 TTC31
2	74724644	74730443	 LBX2
2	74732170	74735707	 PCGF1
2	74740590	74744274	 TLX2
2	74745258	74753463	 DQX1
2	74753772	74757066	 AUP1
2	74756504	74760472	 HTRA2
2	74759541	74782817	 LOXL3
2	74776153	74784681	 DOK1
2	74785010	74875465	 M1AP
2	74881355	74909186	 SEMA4F
2	75061108	75120486	 HK2
2	75185619	75197255	 POLE4
2	75273590	75426826	 TACR1
2	75696428	75796848	 EVA1A
2	75873909	75917977	 MRPL19
2	75879126	75938115	 GCFC2
2	76974845	77820445	 LRRTM4
2	79252812	79255631	 REG3G
2	79312156	79315145	 REG1B
2	79347488	79350545	 REG1A
2	79384132	79386879	 REG3A
2	79412357	80875905	 CTNNA2
2	80515483	80531874	 LRRTM1
2	84650647	84687169	 SUCLG1
2	84743579	85046713	 DNAH6
2	85048774	85134132	 TRABD2A
2	85122209	85122345	 AC022210.1
2	85132749	85133795	 TMSB10
2	85198216	85286595	 KCMF1
2	85360533	85537511	 TCF7L1
2	85545147	85555548	 TGOLN2
2	85569211	85581743	 RETSAT
2	85581517	85618875	 ELMOD3
2	85621871	85645555	 CAPG
2	85645844	85664152	 SH2D6
2	85766288	85772403	 MAT2A
2	85771846	85788670	 GGCX
2	85788685	85809154	 VAMP8
2	85811531	85820535	 VAMP5
2	85822848	85824736	 RNF181
2	85825671	85830319	 TMEM150A
2	85829979	85876403	 USP39
2	85833777	85839189	 C2orf68
2	85884437	85895864	 SFTPB
2	85912298	85925977	 GNLY
2	85978467	86015189	 ATOH8
2	86066267	86116137	 ST3GAL5
2	86247339	86333278	 POLR1A
2	86333305	86369280	 PTCD3
2	86371055	86422893	 IMMT
2	86426478	86440917	 MRPL35
2	86441116	86565206	 REEP1
2	86667770	86719839	 KDM3A
2	86730554	86948245	 CHMP3
2	86732791	86948245	 RNF103-CHMP3
2	86830516	86850989	 RNF103
2	86947296	87005164	 RMND5A
2	87011729	87035519	 CD8A
2	87042462	87089047	 CD8B
2	87089023	87092827	 AC111200.1
2	87135076	87241104	 RGPD1
2	87229682	87248975	 PLGLB1
2	88047606	88058312	 PLGLB2
2	88055474	88285309	 RGPD2
2	88326724	88355248	 KRCC1
2	88367299	88412906	 SMYD1
2	88422510	88427635	 FABP1
2	88469835	88486146	 THNSL2
2	88824169	88829102	 TEX37
2	88856259	88927094	 EIF2AK3
2	88991162	89050452	 RPIA
2	90458201	90458671	 CH17-132F21.1
2	90537839	90538397	 RP11-685N3.1
2	95537178	95542574	 TEKT4
2	95691422	95719737	 MAL
2	95752952	95815179	 MRPS5
2	95813075	95831158	 ZNF514
2	95831177	95850065	 ZNF2
2	95940201	95957056	 PROM2
2	95963052	96051825	 KCNIP3
2	96068469	96082364	 FAHD2A
2	96257766	96265526	 TRIM43
2	96514587	96657541	 ANKRD36C
2	96687694	96705199	 GPAT2
2	96778707	96781984	 ADRA2B
2	96789589	96804175	 ASTL
2	96808905	96811179	 DUSP2
2	96850597	96874563	 STARD7
2	96914254	96931732	 TMEM127
2	96931870	96939087	 CIAO1
2	96940074	96971297	 SNRNP200
2	96991069	96994091	 ITPRIPL1
2	97001525	97039583	 NCAPH
2	97202480	97218375	 ARID5A
2	97258907	97308524	 KANSL3
2	97371666	97405801	 LMAN2L
2	97426639	97477628	 CNNM4
2	97481982	97499648	 CNNM3
2	97490263	97523671	 ANKRD23
2	97502348	97523832	 ANKRD39
2	97525453	97536494	 SEMA4C
2	97541620	97684175	 FAM178B
2	97749320	97760619	 FAHD2B
2	97779233	97930258	 ANKRD36
2	98262503	98264846	 COX5B
2	98272431	98280570	 ACTR1B
2	98330023	98356325	 ZAP70
2	98372799	98612388	 TMEM131
2	98703579	98929762	 VWA3B
2	98947852	98972468	 AC092675.3
2	98962618	99015064	 CNGA3
2	99061317	99210853	 INPP4A
2	99215773	99224978	 COA5
2	99225042	99234978	 UNC50
2	99235569	99347589	 MGAT4A
2	99410309	99552722	 KIAA1211L
2	99613724	99771427	 TSGA10
2	99757948	99939204	 C2orf15
2	99757948	99767950	 C2ORF15
2	99771418	99779620	 LIPT1
2	99771461	99811761	 MRPL30
2	99777890	99797521	 MITD1
2	99797542	99814089	 MRPL30
2	99858709	99871745	 LYG2
2	99900701	99921205	 LYG1
2	99935445	99957165	 TXNDC9
2	99953816	100017789	 EIF5B
2	100016938	100106497	 REV1
2	100162323	100759201	 AFF3
2	100889753	100939195	 LONRF2
2	100986705	100987007	 AC012493.2
2	101008327	101034118	 CHST10
2	101086944	101099742	 NMS
2	101179152	101193197	 PDCL3
2	101436614	101613291	 NPAS2
2	101618177	101640494	 RPL31
2	101624079	101869328	 TBC1D8
2	101869264	101886778	 CNOT11
2	101887681	101925163	 RNF149
2	101962013	102004057	 CREG2
2	102013823	102091165	 RFX8
2	102313312	102511149	 MAP4K4
2	102508955	102511150	 FLJ20373
2	102608306	102645006	 IL1R2
2	102681004	102796334	 IL1R1
2	102803433	102856462	 IL1RL2
2	102927962	102968497	 IL1RL1
2	102927989	103015218	 IL18R1
2	103035149	103069025	 IL18RAP
2	103089762	103150431	 SLC9A4
2	103236166	103327777	 SLC9A2
2	103332299	103353347	 MFSD9
2	103353367	103460352	 TMEM182
2	105471969	105476929	 POU3F3
2	105654441	105716418	 MRPS9
2	105858200	105859924	 GPR45
2	105867759	105869601	 AC012360.1
2	105880871	105946491	 TGFBRAP1
2	105882490	105882585	 AC012360.2
2	105953816	105965668	 C2orf49
2	105974169	106054970	 FHL2
2	106361354	106510730	 NCK2
2	106679702	106694615	 C2orf40
2	106709759	106810795	 UXS1
2	107021446	107084832	 RGPD3
2	107099728	107103848	 AC108868.1
2	107418056	107503564	 ST6GAL2
2	108443388	108507297	 RGPD4
2	108602979	108630450	 SLC5A7
2	108863651	108881807	 SULT1C3
2	108905095	108926371	 SULT1C2
2	108994367	109004513	 SULT1C4
2	109065017	109125871	 GCC2
2	109150857	109303702	 LIMS1
2	109335937	109402267	 RANBP2
2	109403213	109501933	 CCDC138
2	109510927	109605828	 EDAR
2	109745804	110262207	 SH3RF3
2	110300559	110371783	 SEPT10
2	110371911	110376563	 SOWAHC
2	110550335	110615272	 RGPD5
2	110656005	110677180	 LIMS3
2	110841447	110874143	 MALL
2	110879888	110962643	 NPHP1
2	111160511	111230652	 LIMS3
2	111222628	111230511	 LIMS3L
2	111271389	111334762	 RGPD6
2	111395275	111435691	 BUB1
2	111490150	111875799	 ACOXL
2	111876955	111926024	 BCL2L11
2	112523848	112642267	 ANAPC1
2	112656056	112787138	 MERTK
2	112812800	112876895	 TMEM87B
2	112895962	112945791	 FBLN7
2	112969102	113012713	 ZC3H8
2	113033171	113097640	 ZC3H6
2	113127669	113192065	 RGPD8
2	113239731	113299316	 TTL
2	113299492	113334635	 POLR1B
2	113341817	113346852	 CHCHD5
2	113403434	113421404	 SLC20A1
2	113479063	113500456	 NT5DC4
2	113493930	113522254	 CKAP2L
2	113531492	113542167	 IL1A
2	113587328	113594480	 IL1B
2	113670548	113676459	 IL37
2	113730780	113743242	 IL36G
2	113763038	113765621	 IL36A
2	113779668	113810444	 IL36B
2	113816215	113822959	 IL36RN
2	113825547	113833427	 IL1F10
2	113864791	113891593	 IL1RN
2	113914902	113966973	 PSD4
2	113973574	114036527	 PAX8
2	114195268	114253766	 CBWD2
2	114204992	114205429	 AC016745.1
2	114256661	114258728	 FOXD4L1
2	114384806	114400973	 RABL2A
2	114462588	114514400	 SLC35F5
2	114647537	114720173	 ACTR3
2	115199876	116603328	 DPP10
2	118572226	118589955	 DDX18
2	118673054	118771709	 CCDC93
2	118846028	118868573	 INSIG2
2	119599747	119605254	 EN1
2	119699742	119752236	 MARCO
2	119913819	119916465	 C1QL2
2	119981384	120023228	 STEAP3
2	120059801	120124404	 C2orf76
2	120124497	120130126	 DBI
2	120187477	120196096	 TMEM37
2	120197419	120282070	 SCTR
2	120302008	120419827	 PCDP1
2	120436743	120444083	 TMEM177
2	120517207	120741394	 PTPN4
2	120770581	120936695	 EPB41L5
2	120978854	120980984	 TMEM185B
2	120997640	121052289	 RALB
2	121103719	121109384	 INHBB
2	121221911	121223697	 LINC01101
2	121493199	121750229	 GLI2
2	121974163	122042783	 TFCP2L1
2	122095352	122407163	 CLASP1
2	122484521	122494499	 NIFK
2	122494679	122525429	 TSN
2	124782864	125672864	 CNTNAP5
2	127413509	127454246	 GYPC
2	127656472	127659673	 AC114783.1
2	127805603	127864931	 BIN1
2	127941696	127977654	 CYP27C1
2	128014866	128051752	 ERCC3
2	128056306	128146041	 MAP3K2
2	128176003	128186822	 PROC
2	128193783	128284462	 IWS1
2	128293378	128395304	 MYO7B
2	128395956	128439360	 LIMS2
2	128403439	128410213	 GPR17
2	128458596	128568761	 WDR33
2	128458597	128461385	 SFT2D3
2	128603840	128615731	 POLR2D
2	128619204	128643496	 AMMECR1L
2	128698791	128785694	 SAP130
2	128848774	128953251	 UGGT1
2	128994290	129076151	 HS6ST1
2	130737235	130740311	 RAB6C
2	130831108	130886795	 POTEF
2	130896860	130902707	 CCDC74B
2	130908981	130940323	 SMPD4
2	130939310	130948302	 MZT2B
2	130949318	130956034	 TUBA3E
2	131095814	131099922	 CCDC115
2	131099798	131105383	 IMP4
2	131113580	131132982	 PTPN18
2	131217028	131267239	 POTEI
2	131278770	131285579	 CFC1B
2	131296668	131307456	 AC013269.5
2	131328402	131341734	 AC140481.2
2	131350339	131357123	 CFC1
2	131369054	131415664	 POTEJ
2	131486643	131487909	 GPR148
2	131513008	131525707	 AMER3
2	131594489	131804836	 ARHGEF4
2	131805449	131851033	 FAM168B
2	131862420	132111282	 PLEKHB2
2	131975882	132022965	 POTEE
2	132044330	132050127	 CYP4F31P
2	132222473	132250316	 MZT2A
2	132233666	132240507	 TUBA3D
2	132285248	132291239	 CCDC74A
2	132479948	132524973	 C2orf27A
2	132552534	132559234	 C2orf27B
2	132905164	133015542	 ANKRD30BL
2	133174147	133404132	 GPR39
2	133402426	133429152	 LYPD1
2	133429374	134326034	 NCKAP5
2	133874577	133876625	 AC011755.1
2	134877554	135212192	 MGAT5
2	135213330	135476570	 TMEM163
2	135596117	135659604	 ACMSD
2	135675805	135716912	 CCNT2
2	135722061	135805038	 MAP3K19
2	135809835	135933964	 RAB3GAP1
2	135894486	136288806	 ZRANB3
2	136289025	136482840	 R3HDM1
2	136499189	136542625	 UBXN4
2	136545410	136594750	 LCT
2	136597196	136633996	 MCM6
2	136664247	136743670	 DARS
2	136871919	136875735	 CXCR4
2	137523115	138435287	 THSD7B
2	138721590	138773930	 HNMT
2	139259371	139331117	 SPOPL
2	139428342	139537918	 NXPH2
2	140988992	142889270	 LRP1B
2	143635067	143799890	 KYNU
2	143848931	144525921	 ARHGAP15
2	144695635	145090135	 GTDC1
2	145141648	145282147	 ZEB2
2	148602086	148688393	 ACVR2A
2	148687968	148779147	 ORC4
2	148778580	149275805	 MBD5
2	149402009	149545130	 EPC2
2	149632819	149883273	 KIF5C
2	149894621	150071776	 LYPD6B
2	150186499	150330662	 LYPD6
2	150426148	150444330	 MMADHC
2	151324709	151395525	 RND3
2	151857734	151905288	 AC023469.1
2	152104454	152118393	 RBM43
2	152126979	152146571	 NMI
2	152214106	152236560	 TNFAIP6
2	152266397	152364527	 RIF1
2	152341850	152591001	 NEB
2	152645498	152685006	 ARL5A
2	152689290	152955593	 CACNB4
2	152973315	153032506	 STAM2
2	153191751	153506348	 FMNL2
2	153508107	153574511	 PRPF40A
2	153574407	153617767	 ARL6IP6
2	154333852	154335322	 RPRM
2	154728426	155310361	 GALNT13
2	155554811	155714863	 KCNJ3
2	157180944	157198860	 NR4A2
2	157291802	157470247	 GPD2
2	157352597	157352655	 AC011308.1
2	158114110	158170723	 GALNT5
2	158175137	158184225	 ERMN
2	158271131	158345473	 CYTIP
2	158383279	158485517	 ACVR1C
2	158592958	158732374	 ACVR1
2	158733214	158992666	 UPP2
2	159027593	159313265	 CCDC148
2	159313476	159539391	 PKP4
2	159651829	159719293	 DAPL1
2	159825146	160089170	 TANC1
2	160092304	160143310	 WDSUB1
2	160175490	160473203	 BAZ2B
2	160569000	160627538	 MARCH7
2	160625364	160654753	 CD302
2	160628362	160761260	 LY75
2	160628362	160761221	 LY75-CD302
2	160788519	160919121	 PLA2R1
2	160956177	161128399	 ITGB6
2	161128662	161350305	 RBMS1
2	161993419	162092732	 TANK
2	162164549	162268228	 PSMD14
2	162272605	162282381	 TBR1
2	162280843	162841792	 SLC4A10
2	162848751	162931052	 DPP4
2	162999392	163008914	 GCG
2	163027194	163101661	 FAP
2	163123589	163175213	 IFIH1
2	163175350	163228105	 GCA
2	163227917	163695240	 KCNH7
2	164449906	164592522	 FIGN
2	165349322	165478358	 GRB14
2	165510134	165700189	 COBLL1
2	165752696	165812035	 SLC38A11
2	165944032	166060577	 SCN3A
2	166095912	166248818	 SCN2A
2	166326157	166545917	 CSRNP3
2	166604101	166651192	 GALNT3
2	166713985	166810353	 TTC21B
2	166845670	166984523	 SCN1A
2	167051695	167232503	 SCN9A
2	167260083	167350757	 SCN7A
2	167744997	168116263	 XIRP2
2	168675182	168730551	 B3GALT1
2	168810530	169104651	 STK39
2	169312372	169631644	 CERS6
2	169643049	169722024	 NOSTRIN
2	169690642	169769881	 SPC25
2	169757750	169766505	 G6PC2
2	169779448	169887832	 ABCB11
2	169921299	169952677	 DHRS9
2	169983619	170219195	 LRP2
2	170335688	170382432	 BBS5
2	170335990	170382432	 RP11-724O16.1
2	170366212	170382772	 KLHL41
2	170386259	170430385	 FASTKD1
2	170440850	170497916	 PPIG
2	170501935	170550943	 CCDC173
2	170550975	170558218	 PHOSPHO2
2	170550998	170633499	 KLHL23
2	170648443	170668574	 SSB
2	170666591	170681441	 METTL5
2	170683968	170940641	 UBR3
2	171034655	171511681	 MYO3B
2	171568961	171571077	 LINC01124
2	171571861	171574588	 SP5
2	171640296	171655481	 ERICH2
2	171669723	171717661	 GAD1
2	171784974	171823639	 GORASP2
2	171847333	172087824	 TLK1
2	172173919	172291312	 METTL8
2	172290727	172341562	 DCAF17
2	172378757	172414643	 CYBRD1
2	172543919	172604930	 DYNC1I2
2	172560844	172567314	 AC068039.1
2	172640880	172864766	 SLC25A12
2	172778958	172848599	 HAT1
2	172864490	172947158	 METAP1D
2	172949468	172954405	 DLX1
2	172964167	172967628	 DLX2
2	173292082	173371181	 ITGA6
2	173420101	173489823	 PDK1
2	173600002	173917621	 RAPGEF4
2	173940163	174132738	 MLTK
2	174219548	174233725	 CDCA7
2	174771187	174830430	 SP3
2	174937175	175113426	 OLA1
2	175199674	175203220	 SP9
2	175200601	175202151	 AC018470.1
2	175212750	175260443	 CIR1
2	175260458	175294303	 SCRN3
2	175296966	175351822	 GPR155
2	175424300	175547644	 WIPF1
2	175612320	175629200	 CHRNA1
2	175664091	175870097	 CHN1
2	175936978	176033110	 ATF2
2	176040986	176049335	 ATP5G3
2	176788620	176867567	 KIAA1715
2	176942200	176948641	 EVX2
2	176957619	176960666	 HOXD13
2	176964458	176966408	 HOXD12
2	176968944	176974722	 HOXD11
2	176973518	176984670	 HOXD10
2	176987088	176989853	 HOXD9
2	176994422	176997423	 HOXD8
2	177001340	177037830	 HOXD3
2	177015950	177017954	 HOXD4
2	177053307	177055688	 HOXD1
2	177134123	177202753	 MTX2
2	178077291	178088686	 HNRNPA3
2	178092323	178257425	 NFE2L2
2	178257372	178408564	 AGPS
2	178413726	178417742	 TTC30B
2	178477720	178483694	 TTC30A
2	178487980	178973066	 PDE11A
2	178977151	179003738	 RBM45
2	179059208	179264160	 OSBPL6
2	179296141	179316239	 PRKRA
2	179316163	179326117	 DFNB59
2	179328391	179343327	 FKBP7
2	179345195	179381189	 PLEKHA3
2	179390716	179695529	 TTN
2	179694484	179914813	 CCDC141
2	179966419	180129517	 SESTD1
2	180306709	180726232	 ZNF385B
2	180809603	180871840	 CWC22
2	181831975	181941312	 UBE2E3
2	182321929	182400914	 ITGA4
2	182401403	182545392	 CERKL
2	182537815	182545603	 NEUROD1
2	182756560	182795465	 SSFA2
2	182818968	182996125	 PPP1R1C
2	183004763	183387919	 PDE1A
2	183580999	183659191	 DNAJC10
2	183698002	183731890	 FRZB
2	183773843	183903586	 NCKAP1
2	183943287	183964733	 DUSP19
2	183982241	184026408	 NUP35
2	185463093	185804219	 ZNF804A
2	186603355	186698017	 FSIP2
2	187350883	187374090	 ZC3H15
2	187361840	187365393	 AC018867.1
2	187367219	187367356	 AC018867.2
2	187454792	187545628	 ITGAV
2	187558698	187630685	 FAM171B
2	187692562	187713935	 ZSWIM2
2	188207856	188313187	 CALCRL
2	188328957	188430487	 TFPI
2	189156396	189460653	 GULP1
2	189598882	189654831	 DIRC1
2	189839046	189877472	 COL3A1
2	189896622	190044605	 COL5A2
2	190306159	190340291	 WDR75
2	190425305	190448484	 SLC40A1
2	190526111	190535557	 ASNSD1
2	190539016	190625919	 ANKAR
2	190611386	190627953	 OSGEPL1
2	190635049	190649097	 ORMDL1
2	190642909	190643157	 AC013468.1
2	190649107	190742355	 PMS1
2	190744335	191068210	 C2orf88
2	190920423	190927455	 MSTN
2	191054461	191208919	 HIBCH
2	191208196	191236391	 INPP1
2	191273081	191373931	 MFSD6
2	191369068	191399448	 TMEM194B
2	191511472	191557492	 NAB1
2	191745553	191830278	 GLS
2	191829084	191885686	 STAT1
2	191894302	192016322	 STAT4
2	192109911	192290115	 MYO1B
2	192542794	192561385	 NABP1
2	192699028	192711981	 SDPR
2	192813769	193060435	 TMEFF2
2	196440701	196602426	 SLC39A10
2	196602427	196933536	 DNAH7
2	196998290	197041227	 STK17B
2	197059094	197458416	 HECW2
2	197504278	197628214	 CCDC150
2	197627756	197664449	 GTF3C3
2	197669726	197675000	 C2orf66
2	197697728	197792520	 PGAP1
2	197831741	198175897	 ANKRD44
2	198254508	198299815	 SF3B1
2	198318147	198340032	 COQ10B
2	198351305	198381461	 HSPD1
2	198364718	198368181	 HSPE1
2	198365137	198415450	 HSPE1-MOB4
2	198380295	198418423	 MOB4
2	198432948	198540769	 RFTN2
2	198557830	198639547	 AC011997.1
2	198570087	198573113	 MARS2
2	198591603	198651486	 BOLL
2	198669426	199437305	 PLCL1
2	200134223	200335989	 SATB2
2	200625267	200715896	 FTCDNL1
2	200775979	200820658	 C2orf69
2	200794698	200820459	 TYW5
2	200820040	200873263	 C2orf47
2	201170604	201346986	 SPATS2L
2	201353675	201384507	 KCTD18
2	201374731	201448505	 SGOL2
2	201450591	201541787	 AOX1
2	201675317	201688569	 BZW1
2	201717732	201729422	 CLK1
2	201735630	201754026	 PPIL3
2	201754050	201768655	 NIF3L1
2	201773696	201828403	 ORC2
2	201838441	201936394	 FAM126B
2	201936156	201950473	 NDUFB3
2	201980827	202041410	 CFLAR
2	202047604	202094129	 CASP10
2	202098166	202152434	 CASP8
2	202152994	202222121	 ALS2CR12
2	202241930	202316302	 TRAK2
2	202252581	202345569	 STRADB
2	202352148	202483901	 ALS2CR11
2	202484907	202508293	 TMEM237
2	202509593	202563417	 MPP4
2	202565277	202645912	 ALS2
2	202655184	202760273	 CDK15
2	202899310	202903160	 FZD7
2	202937978	203062585	 AC079354.1
2	203070903	203103331	 SUMO1
2	203104292	203104435	 AC079354.2
2	203130439	203168389	 NOP58
2	203241659	203432474	 BMPR2
2	203499901	203634480	 FAM117B
2	203640690	203736708	 ICA1L
2	203739505	203879521	 WDR12
2	203776937	203851786	 CARF
2	203879602	204091101	 NBEAL1
2	204103663	204163009	 CYP20A1
2	204192942	204312446	 ABI2
2	204259068	204400133	 RAPH1
2	204571198	204603635	 CD28
2	204732509	204738683	 CTLA4
2	204801471	204826300	 ICOS
2	205410516	206484886	 PARD3B
2	206546714	206662857	 NRP2
2	206858445	206951027	 INO80D
2	206979541	207024327	 NDUFS1
2	207024309	207027652	 EEF1B2
2	207040040	207082771	 GPR1
2	207139387	207179148	 ZDBF2
2	207220463	207220843	 AC017081.1
2	207308263	207485851	 ADAM23
2	207516345	207583120	 DYTN
2	207602487	207630271	 MDH1B
2	207630081	207657233	 FASTKD2
2	207804278	207834198	 CPO
2	207938861	208031991	 KLF7
2	208394461	208468155	 CREB1
2	208445355	208490652	 METTL21A
2	208576264	208626563	 CCNYL1
2	208627310	208634287	 FZD5
2	208693027	208890284	 PLEKHM3
2	208986331	208989225	 CRYGD
2	208992861	208994554	 CRYGC
2	209007297	209010892	 CRYGB
2	209025464	209028300	 CRYGA
2	209030067	209054797	 C2orf80
2	209100951	209130798	 IDH1
2	209130991	209223475	 PIKFYVE
2	209224438	209719227	 PTH2R
2	210288782	210598842	 MAP2
2	210636717	210864024	 UNC80
2	210867289	210886300	 RPE
2	210886147	211036107	 KANSL1L
2	211052663	211090215	 ACADL
2	211154874	211179914	 MYL1
2	211295973	211342376	 LANCL1
2	211342406	211543831	 CPS1
2	212240446	213403565	 ERBB4
2	213864429	214017151	 IKZF2
2	214149113	215275225	 SPAG16
2	215275789	215443683	 VWC2L
2	215590370	215674428	 BARD1
2	215796266	216003151	 ABCA12
2	216176540	216214487	 ATIC
2	216225163	216300895	 FN1
2	216809213	216898819	 MREG
2	216861052	216947678	 PECR
2	216946589	216967506	 TMEM169
2	216972187	217071026	 XRCC5
2	217122588	217236750	 MARCH4
2	217277137	217347776	 SMARCAL1
2	217362912	217443903	 RPL37A
2	217497551	217529159	 IGFBP2
2	217536828	217560248	 IGFBP5
2	217724181	217724787	 TNP1
2	217735495	217736362	 AC007557.1
2	218148742	218621316	 DIRC3
2	218664512	218867718	 TNS1
2	218899683	218955304	 RUFY4
2	218990012	219001976	 CXCR2
2	219027568	219031718	 CXCR1
2	219081817	219119079	 ARPC2
2	219124219	219128582	 GPBAR1
2	219128850	219134980	 AAMP
2	219135115	219211516	 PNKD
2	219138915	219157309	 TMBIM1
2	219221579	219232822	 C2orf62
2	219246752	219261617	 SLC11A1
2	219262979	219270664	 CTDSP1
2	219283815	219318018	 VIL1
2	219314974	219433084	 USP37
2	219433303	219461803	 RQCD1
2	219472488	219501907	 PLCD4
2	219502639	219524378	 ZNF142
2	219523487	219528166	 BCS1L
2	219528587	219537134	 RNF25
2	219536749	219567439	 STK36
2	219575568	219620139	 TTLL4
2	219646472	219680016	 CYP27A1
2	219687106	219696809	 PRKAG3
2	219724544	219738955	 WNT6
2	219745085	219764303	 WNT10A
2	219824377	219826876	 CDK5R2
2	219845809	219850379	 FEV
2	219854911	219858143	 CRYBA2
2	219867568	219906249	 CCDC108
2	219919142	219925189	 IHH
2	219940039	220025587	 NHEJ1
2	219940051	220035549	 SLC23A3
2	220036619	220042828	 CNPPD1
2	220040947	220050201	 FAM134A
2	220059959	220074373	 ZFAND2B
2	220074490	220083712	 ABCB6
2	220074494	220094439	 ATG9A
2	220094479	220101391	 ANKZF1
2	220101328	220110200	 GLB1L
2	220110177	220115059	 STK16
2	220114433	220142892	 TUBA4A
2	220143989	220151622	 DNAJB2
2	220154345	220174370	 PTPRN
2	220192131	220197899	 RESP18
2	220238268	220264744	 DNPEP
2	220283099	220291461	 DES
2	220299568	220363009	 SPEG
2	220363589	220371710	 GMPPA
2	220378892	220403494	 ASIC4
2	220403669	220408509	 CHPF
2	220408385	220415317	 TMEM198
2	220415451	220436581	 OBSL1
2	220433884	220440435	 INHA
2	220462582	220481173	 STK11IP
2	220492049	220506702	 SLC4A3
2	222282747	222438922	 EPHA4
2	223064607	223163715	 PAX3
2	223162866	223169936	 CCDC140
2	223289236	223425667	 SGPP2
2	223435255	223521056	 FARSB
2	223536505	223574649	 MOGAT1
2	223725652	223809357	 ACSL3
2	223916532	224063117	 KCNE4
2	224461658	224467221	 SCG2
2	224616403	224702744	 AP1S3
2	224720433	224810104	 WDFY1
2	224822121	224832431	 MRPL44
2	224839829	224904036	 SERPINE2
2	225243415	225266802	 FAM124B
2	225334867	225450110	 CUL3
2	225629807	225907162	 DOCK10
2	226265364	226518734	 NYAP2
2	227596033	227664475	 IRS1
2	227700297	227863931	 RHBDD1
2	227867427	228028829	 COL4A4
2	228029281	228179508	 COL4A3
2	228189867	228222550	 MFF
2	228226872	228246711	 TM4SF20
2	228336868	228425930	 AGFG1
2	228474806	228498036	 C2orf83
2	228549926	228582728	 SLC19A3
2	228678558	228682272	 CCL20
2	228735770	228789060	 DAW1
2	228844666	229046361	 SPHKAP
2	229715242	230136001	 PID1
2	230222345	230579274	 DNER
2	230628554	230787955	 TRIP12
2	230787018	230877825	 FBXO36
2	230899698	230933715	 SLC16A14
2	231032009	231090444	 SP110
2	231067826	231223762	 SP140
2	231191899	231268447	 SP140L
2	231280657	231408805	 SP100
2	231577560	231685790	 CAB39
2	231729354	231743963	 ITM2C
2	231772033	231825781	 GPR55
2	231860836	231889770	 SPATA3
2	231902205	231914434	 C2orf72
2	231921578	232037541	 PSMD1
2	231972944	231989832	 HTR2B
2	232063260	232239548	 ARMC9
2	232260254	232265875	 B3GNT7
2	232316906	232317864	 AC017104.2
2	232318242	232348352	 NCL
2	232387871	232395206	 NMUR1
2	232457575	232458994	 C2orf57
2	232571517	232571621	 MGC4771
2	232571605	232578251	 PTMA
2	232597135	232650982	 PDE6D
2	232646381	232673963	 COPS7B
2	232786530	232791113	 NPPC
2	232825955	233209060	 DIS3L2
2	233243244	233247599	 ALPP
2	233271553	233275424	 ALPPL2
2	233320833	233324742	 ALPI
2	233344537	233352538	 ECEL1
2	233385173	233390422	 PRSS56
2	233390703	233401377	 CHRND
2	233404437	233411113	 CHRNG
2	233412779	233415226	 TIGD1
2	233414762	233448354	 EIF4E2
2	233470767	233547491	 EFHD1
2	233562009	233725285	 GIGYF2
2	233631174	233641278	 KCNJ13
2	233721980	233743418	 C2orf82
2	233743396	233877982	 NGEF
2	233877324	233880595	 AC106876.2
2	233897382	233899767	 NEU2
2	233924677	234116549	 INPP5D
2	234118697	234204320	 ATG16L1
2	234216462	234255701	 SAG
2	234263153	234380750	 DGKD
2	234384166	234475428	 USP40
2	234526291	234681956	 UGT1A8
2	234545100	234681951	 UGT1A10
2	234580499	234681946	 UGT1A9
2	234590584	234681945	 UGT1A7
2	234600253	234681946	 UGT1A6
2	234621638	234681945	 UGT1A5
2	234627424	234681945	 UGT1A4
2	234637754	234681945	 UGT1A3
2	234668894	234681945	 UGT1A1
2	234684370	234742069	 MROH2A
2	234742062	234763212	 HJURP
2	234826043	234928166	 TRPM8
2	234959323	234985778	 SPP2
2	235401685	235405697	 ARL4C
2	235860617	235964358	 SH3BP4
2	236402733	237040444	 AGAP1
2	236682499	236692031	 AC064874.1
2	237073879	237077012	 GBX2
2	237102095	237173052	 ASB18
2	237232794	237416185	 IQCA1
2	237476430	237491001	 ACKR3
2	237993955	238009109	 COPS8
2	238165734	238166319	 AC112715.2
2	238232646	238323018	 COL6A3
2	238330063	238333919	 AC112721.1
2	238394071	238463961	 MLPH
2	238475217	238475818	 PRLH
2	238482965	238510257	 RAB17
2	238499663	238504624	 AC104667.3
2	238536219	238722325	 LRRFIP1
2	238707032	238751451	 RBM44
2	238767536	238820756	 RAMP1
2	238875469	238951236	 UBE2F
2	238875656	239008053	 UBE2F-SCLY
2	238969530	239008054	 SCLY
2	239008798	239041928	 ESPNL
2	239047363	239061588	 KLHL30
2	239067623	239077541	 FAM132B
2	239079042	239112370	 ILKAP
2	239133193	239140318	 AC016757.3
2	239146908	239149303	 HES6
2	239152679	239198743	 PER2
2	239192329	239192498	 AC012485.1
2	239229082	239309541	 TRAF3IP1
2	239335383	239360891	 ASB1
2	239756673	239795893	 TWIST2
2	239969864	240323348	 HDAC4
2	240083493	240084053	 AC017028.1
2	240323130	240324058	 AC062017.1
2	240499995	240507788	 AC079612.1
2	240684554	240724577	 AC093802.1
2	240831867	240964819	 NDUFA10
2	240968841	240969906	 OR6B2
2	240981230	240982399	 PRR21
2	240984494	240985489	 OR6B3
2	241053907	241064304	 AC013469.1
2	241065980	241076224	 MYEOV2
2	241078446	241083979	 OTOS
2	241375088	241407493	 GPC1
2	241388732	241396131	 AC110619.2
2	241418839	241508626	 ANKMY1
2	241499471	241503431	 DUSP28
2	241505221	241520789	 RNPEPL1
2	241526133	241557122	 CAPN10
2	241544848	241570676	 GPR35
2	241615835	241622323	 AQP12B
2	241624478	241624705	 AC011298.1
2	241631262	241637900	 AQP12A
2	241653181	241759725	 KIF1A
2	241807896	241819919	 AGXT
2	241825465	241836306	 C2orf54
2	241858202	241932728	 AC104809.3
2	241938255	242034983	 SNED1
2	242011584	242041747	 MTERFD2
2	242045514	242089679	 PASK
2	242088991	242123067	 PPP1R7
2	242127924	242164792	 ANO7
2	242166679	242256476	 HDLBP
2	242167319	242168850	 AC104841.2
2	242254515	242293442	 SEPT2
2	242295658	242434256	 FARP2
2	242432089	242449145	 STK25
2	242498136	242513546	 BOK
2	242523820	242576864	 THAP4
2	242576628	242613272	 ATG4B
2	242615157	242626406	 DTYMK
2	242641450	242668893	 ING5
2	242673994	242708231	 D2HGDH
2	242716240	242743623	 GAL3ST2
2	242749920	242758739	 NEU4
2	242792033	242801060	 PDCD1
2	242811752	242815975	 CXXC11
2	242836136	242844702	 AC131097.4
