6	291630	351355	 DUSP22
6	391739	411447	 IRF4
6	485133	693117	 EXOC2
6	655939	656963	 HUS1B
6	1080164	1105181	 AL033381.1
6	1312675	1314992	 FOXQ1
6	1390069	1395832	 FOXF2
6	1610681	1614127	 FOXC1
6	1624041	2245926	 GMDS
6	2622147	2634837	 C6orf195
6	2663863	2751200	 MYLK4
6	2765648	2787186	 WRNIP1
6	2832566	2842240	 SERPINB1
6	2887500	2903514	 SERPINB9
6	2948393	2972090	 SERPINB6
6	2988221	3019996	 NQO2
6	3064225	3115421	 RIPK1
6	3118608	3153812	 BPHL
6	3153903	3157760	 TUBB2A
6	3224495	3231964	 TUBB2B
6	3231637	3303607	 PSMG4
6	3269196	3457256	 SLC22A23
6	3722848	3752260	 PXDC1
6	3849620	3851551	 FAM50B
6	3982909	3984372	 C6ORF50
6	4021501	4065217	 PRPF4B
6	4049668	4087578	 FAM217A
6	4079440	4131185	 C6orf201
6	4115923	4135831	 ECI2
6	4706393	4955785	 CDYL
6	4994966	5004297	 RPP40
6	5085720	5087455	 PPP1R3G
6	5102827	5261172	 LYRM4
6	5261277	5771813	 FARS2
6	5998232	6007200	 NRN1
6	6144318	6321246	 F13A1
6	6588341	6655216	 LY86
6	7107830	7252213	 RREB1
6	7268539	7347679	 SSR1
6	7326889	7389976	 CAGE1
6	7389729	7418270	 RIOK1
6	7541808	7586950	 DSP
6	7590432	7612200	 SNRNP48
6	7727030	7881655	 BMP6
6	7881483	8026646	 TXNDC5
6	7881755	8064597	 BLOC1S5-TXNDC5
6	8013800	8064647	 BLOC1S5
6	8015959	8102763	 EEF1E1-BLOC1S5
6	8073593	8102811	 EEF1E1
6	8413301	8435794	 SLC35B3
6	9596343	10211841	 OFCC1
6	10393419	10419892	 TFAP2A
6	10492456	10629601	 GCNT2
6	10633993	10647501	 GCNT6
6	10671651	10695030	 C6orf52
6	10694928	10710015	 PAK1IP1
6	10723148	10731362	 TMEM14C
6	10747992	10852986	 TMEM14B
6	10748027	10979553	 SYCP2L
6	10748027	10930656	 RP11-637O19.3
6	10762956	10838764	 MAK
6	10873456	10882174	 GCM2
6	10980992	11044547	 ELOVL2
6	11094266	11138964	 SMIM13
6	11102722	11111965	 ERVFRD-1
6	11183531	11382581	 NEDD9
6	11537938	11583757	 TMEM170B
6	11712287	11807279	 ADTRP
6	12008995	12165232	 HIVEP1
6	12290596	12297427	 EDN1
6	12717893	13288645	 PHACTR1
6	13266774	13328815	 TBC1D7
6	13358062	13487894	 GFOD1
6	13469513	13486415	 AL583828.1
6	13574816	13614790	 SIRT5
6	13615559	13632971	 NOL7
6	13615728	13621126	 AL441883.1
6	13621730	13711796	 RANBP9
6	13786789	13814800	 MCUR1
6	13924677	13980533	 RNF182
6	14117872	14137149	 CD83
6	15246527	15522252	 JARID2
6	15523032	15663289	 DTNBP1
6	16129356	16148479	 MYLIP
6	16238811	16295780	 GMPR
6	16299343	16761722	 ATXN1
6	17102489	17131603	 STMND1
6	17281577	17294106	 RBM24
6	17393447	17558023	 CAP2
6	17600586	17611950	 FAM8A1
6	17615269	17706656	 NUP153
6	17759414	17987854	 KIF13A
6	18120718	18122851	 NHLRC1
6	18128542	18155305	 TPMT
6	18155560	18224084	 KDM1B
6	18224099	18265054	 DEK
6	18368779	18469105	 RNF144B
6	19837617	19840915	 ID4
6	20100935	20212670	 MBOAT1
6	20402398	20493941	 E2F3
6	20534688	21232635	 CDKAL1
6	21593972	21598847	 SOX4
6	22287480	22297730	 PRL
6	22569678	22571892	 HDGFL1
6	24126350	24155128	 NRSN1
6	24171984	24358280	 DCDC2
6	24357131	24358512	 KAAG1
6	24403153	24425810	 MRS2
6	24424793	24495433	 GPLD1
6	24495080	24537435	 ALDH5A1
6	24544332	24646383	 KIAA0319
6	24650205	24667261	 TDP2
6	24667263	24705293	 ACOT13
6	24705089	24721064	 C6orf62
6	24775159	24786327	 GMNN
6	24797549	24799117	 C6orf229
6	24797601	25042238	 FAM65B
6	25279306	25620758	 LRRC16A
6	25652464	25702011	 SCGN
6	25726291	25726790	 HIST1H2AA
6	25727137	25727573	 HIST1H2BA
6	25754927	25781419	 SLC17A4
6	25783125	25832287	 SLC17A1
6	25833294	25882514	 SLC17A3
6	25912982	25930946	 SLC17A2
6	25963030	25987384	 TRIM38
6	26017260	26018040	 HIST1H1A
6	26020718	26021186	 HIST1H3A
6	26021907	26022278	 HIST1H4A
6	26027124	26027480	 HIST1H4B
6	26031817	26032288	 HIST1H3B
6	26033320	26033796	 HIST1H2AB
6	26043455	26043885	 HIST1H2BB
6	26045639	26046097	 HIST1H3C
6	26055968	26056699	 HIST1H1C
6	26087509	26098571	 HFE
6	26104104	26104518	 HIST1H4C
6	26107640	26108364	 HIST1H1T
6	26115101	26124154	 HIST1H2BC
6	26124373	26139344	 HIST1H2AC
6	26156559	26157343	 HIST1H1E
6	26158349	26171577	 HIST1H2BD
6	26183958	26184454	 HIST1H2BE
6	26188938	26189304	 HIST1H4D
6	26197068	26199521	 HIST1H3D
6	26199079	26199471	 HIST1H2AD
6	26199748	26200942	 HIST1H2BF
6	26204858	26206266	 HIST1H4E
6	26216428	26216872	 HIST1H2BG
6	26217165	26217711	 HIST1H2AE
6	26225383	26225844	 HIST1H3E
6	26234440	26235216	 HIST1H1D
6	26240561	26240976	 HIST1H4F
6	26246886	26247259	 HIST1H4G
6	26250370	26250835	 HIST1H3F
6	26251879	26252303	 HIST1H2BH
6	26271146	26271612	 HIST1H3G
6	26273144	26273622	 HIST1H2BI
6	26281283	26285762	 HIST1H4H
6	26365387	26378546	 BTN3A2
6	26383324	26395102	 BTN2A2
6	26402465	26415444	 BTN3A1
6	26440700	26453643	 BTN3A3
6	26458150	26476849	 BTN2A1
6	26501449	26510650	 BTN1A1
6	26538633	26546482	 HMGN4
6	26597180	26600278	 ABT1
6	26636518	26659980	 ZNF322
6	27093676	27100541	 HIST1H2BJ
6	27100832	27103070	 HIST1H2AG
6	27106073	27114619	 HIST1H2BK
6	27107076	27108418	 HIST1H4I
6	27114861	27115317	 HIST1H2AH
6	27215480	27224403	 PRSS16
6	27253682	27279949	 POM121L2
6	27342394	27371683	 ZNF391
6	27418522	27440897	 ZNF184
6	27775257	27775709	 HIST1H2BL
6	27775899	27776429	 HIST1H2AI
6	27777842	27778314	 HIST1H3H
6	27782112	27782607	 HIST1H2AJ
6	27782822	27783267	 HIST1H2BM
6	27791884	27792257	 HIST1H4J
6	27798952	27799305	 HIST1H4K
6	27805658	27806117	 HIST1H2AK
6	27806323	27823487	 HIST1H2BN
6	27833034	27833606	 HIST1H2AL
6	27834570	27835359	 HIST1H1B
6	27839623	27840099	 HIST1H3I
6	27840926	27841289	 HIST1H4L
6	27858093	27860884	 HIST1H3J
6	27860477	27860963	 HIST1H2AM
6	27861203	27861669	 HIST1H2BO
6	27878963	27880174	 OR2B2
6	27925019	27925960	 OR2B6
6	28048753	28057341	 ZNF165
6	28092338	28097860	 ZSCAN16
6	28109688	28127250	 ZKSCAN8
6	28192664	28201260	 ZSCAN9
6	28212401	28227011	 ZKSCAN4
6	28227098	28228736	 NKAPL
6	28249314	28270326	 PGBD1
6	28292470	28324048	 ZSCAN31
6	28317691	28336947	 ZKSCAN3
6	28346732	28367511	 ZSCAN12
6	28399707	28411279	 ZSCAN23
6	28471073	28495992	 GPX6
6	28493702	28502729	 GPX5
6	28539407	28583989	 SCAND3
6	28870779	28891766	 TRIM27
6	28911654	28912314	 C6orf100
6	28962562	28973093	 ZNF311
6	29011990	29013017	 OR2W1
6	29053985	29055090	 OR2B3
6	29068386	29069658	 OR2J1
6	29079668	29080603	 OR2J3
6	29141311	29142351	 OR2J2
6	29274403	29275519	 OR14J1
6	29323007	29399744	 OR5V1
6	29341200	29343068	 OR12D3
6	29364416	29365448	 OR12D2
6	29393281	29424848	 OR11A1
6	29407083	29408731	 OR10C1
6	29424958	29432105	 OR2H1
6	29454474	29455738	 MAS1L
6	29523292	29527702	 UBD
6	29523406	29601753	 GABBR1
6	29555683	29556745	 OR2H2
6	29624758	29640149	 MOG
6	29640169	29648887	 ZFP57
6	29690552	29706305	 HLA-F
6	29794744	29798902	 HLA-G
6	29909037	29913661	 HLA-A
6	30026676	30032686	 ZNRD1
6	30034486	30038110	 PPP1R11
6	30038043	30043664	 RNF39
6	30070674	30080883	 TRIM31
6	30103885	30116512	 TRIM40
6	30119722	30128711	 TRIM10
6	30130993	30140473	 TRIM15
6	30152232	30181204	 TRIM26
6	30294256	30311506	 TRIM39
6	30297359	30314631	 TRIM39-RPP21
6	30312908	30314661	 RPP21
6	30457244	30461982	 HLA-E
6	30509154	30524951	 GNL1
6	30524663	30531500	 PRR3
6	30539153	30564956	 ABCF1
6	30568177	30586389	 PPP1R10
6	30585486	30594172	 MRPS18B
6	30594619	30614600	 ATAT1
6	30614816	30620987	 C6orf136
6	30620896	30640814	 DHX16
6	30644166	30655672	 PPP1R18
6	30655824	30659197	 NRM
6	30667584	30685666	 MDC1
6	30687978	30693203	 TUBB
6	30695486	30710510	 FLOT1
6	30710976	30712331	 IER3
6	30844198	30867933	 DDR1
6	30875961	30881883	 GTF2H4
6	30876019	30894236	 VARS2
6	30899130	30899952	 SFTA2
6	30908749	30921998	 DPCR1
6	30951495	30957680	 MUC21
6	30978251	31003179	 MUC22
6	31079000	31080336	 C6orf15
6	31082527	31107869	 PSORS1C1
6	31082867	31088223	 CDSN
6	31105313	31107127	 PSORS1C2
6	31110216	31126015	 CCHCR1
6	31126319	31134936	 TCF19
6	31132119	31148508	 POU5F1
6	31165537	31171745	 HCG27
6	31236526	31239907	 HLA-C
6	31321649	31324965	 HLA-B
6	31371356	31383092	 MICA
6	31462658	31478901	 MICB
6	31496494	31498009	 MCCD1
6	31497996	31514385	 ATP6V1G2-DDX39B
6	31497996	31510225	 DDX39B
6	31512239	31516204	 ATP6V1G2
6	31514647	31526606	 NFKBIL1
6	31539831	31542101	 LTA
6	31543344	31546113	 TNF
6	31548302	31550299	 LTB
6	31553901	31556686	 LST1
6	31556672	31560762	 NCR3
6	31582961	31584798	 AIF1
6	31588497	31605548	 PRRC2A
6	31606805	31620482	 BAG6
6	31620193	31625987	 APOM
6	31626075	31628549	 C6orf47
6	31629006	31634060	 GPANK1
6	31633013	31638120	 CSNK2B
6	31633879	31641323	 CSNK2B-LY6G5B-1181
6	31637944	31641553	 LY6G5B
6	31644461	31651817	 LY6G5C
6	31654726	31671221	 ABHD16A
6	31654739	31681849	 XXbac-BPG32J3.20
6	31674640	31685581	 LY6G6F
6	31674681	31685695	 MEGT1
6	31679548	31681842	 LY6G6E
6	31683133	31685581	 LY6G6D
6	31686371	31694491	 C6orf25
6	31686425	31689622	 LY6G6C
6	31694815	31698394	 DDAH2
6	31698358	31707540	 CLIC1
6	31707725	31732622	 MSH5
6	31707797	31732628	 MSH5-SAPCD1
6	31730576	31732628	 SAPCD1
6	31733367	31745108	 VWA7
6	31745295	31763730	 VARS
6	31765173	31774761	 LSM2
6	31777396	31783437	 HSPA1L
6	31783291	31785723	 HSPA1A
6	31795512	31798031	 HSPA1B
6	31802385	31807541	 C6orf48
6	31825436	31830683	 NEU1
6	31830969	31846823	 SLC44A4
6	31847536	31865464	 EHMT2
6	31865562	31913449	 C2
6	31867384	31869769	 ZBTB12
6	31895475	31919861	 CFB
6	31895475	31919825	 CFB
6	31919864	31926887	 NELFE
6	31926857	31937532	 SKIV2L
6	31937587	31940069	 DXO
6	31938868	31950598	 STK19
6	31949801	31970458	 C4A
6	31973945	31974881	 AL645922.1
6	31982539	32003195	 C4B
6	32006042	32009447	 CYP21A2
6	32008931	32083111	 TNXB
6	32065953	32096030	 ATF6B
6	32096484	32098068	 FKBPL
6	32116136	32122150	 PRRT1
6	32121218	32134011	 PPT2
6	32121622	32139755	 PPT2-EGFL8
6	32132360	32136058	 EGFL8
6	32135989	32145873	 AGPAT1
6	32146131	32151930	 RNF5
6	32148745	32152101	 AGER
6	32152512	32157963	 PBX2
6	32158543	32163300	 GPSM3
6	32162620	32191844	 NOTCH4
6	32256303	32339684	 C6orf10
6	32361740	32374905	 BTNL2
6	32407619	32412823	 HLA-DRA
6	32485120	32498064	 HLA-DRB5
6	32546546	32557625	 HLA-DRB1
6	32595956	32614839	 HLA-DQA1
6	32627244	32636160	 HLA-DQB1
6	32709119	32714992	 HLA-DQA2
6	32723875	32731311	 HLA-DQB2
6	32780540	32784825	 HLA-DOB
6	32781544	32806599	 TAP2
6	32789610	32806557	 TAP2
6	32808494	32812480	 PSMB8
6	32811913	32827362	 PSMB9
6	32812986	32821755	 TAP1
6	32902406	32908847	 HLA-DMB
6	32905141	32920899	 XXbac-BPG181M17.5
6	32916390	32936871	 HLA-DMA
6	32936437	32949282	 BRD2
6	32971955	32977389	 HLA-DOA
6	33032346	33048552	 HLA-DPA1
6	33043703	33054978	 HLA-DPB1
6	33130458	33160276	 COL11A2
6	33161365	33168630	 RXRB
6	33168222	33172216	 SLC39A7
6	33172419	33174608	 HSD17B8
6	33176272	33180499	 RING1
6	33218049	33239824	 VPS52
6	33239787	33244287	 RPS18
6	33244917	33252609	 B3GALT4
6	33246885	33257304	 WDR46
6	33257079	33266178	 PFDN6
6	33259431	33267101	 RGL2
6	33267471	33282164	 TAPBP
6	33282183	33285719	 ZBTB22
6	33286335	33297046	 DAXX
6	33359313	33377701	 KIFC1
6	33378176	33384230	 PHF1
6	33384219	33386094	 CUTA
6	33387847	33421466	 SYNGAP1
6	33422356	33425325	 ZBTB9
6	33540329	33548019	 BAK1
6	33551515	33556803	 GGNBP1
6	33588142	33664351	 ITPR3
6	33662070	33679504	 UQCC2
6	33663196	33663474	 SBP1
6	33689444	33714762	 IP6K3
6	33738979	33756913	 LEMD2
6	33762450	33771788	 MLN
6	33989628	34123399	 GRM4
6	34204650	34214008	 HMGA1
6	34214157	34217247	 C6orf1
6	34247456	34360451	 NUDT3
6	34256547	34393825	 RPS10-NUDT3
6	34385231	34393902	 RPS10
6	34433916	34503006	 PACSIN1
6	34505579	34524110	 SPDEF
6	34555065	34664636	 C6orf106
6	34725183	34741571	 SNRPC
6	34759857	34850915	 UHRF1BP1
6	34845555	34855866	 TAF11
6	34857042	35059179	 ANKS1A
6	35085848	35116387	 TCP11
6	35182190	35220856	 SCUBE3
6	35226686	35263762	 ZNF76
6	35265595	35289548	 DEF6
6	35310335	35395968	 PPARD
6	35420138	35434880	 FANCE
6	35436185	35438562	 RPL10A
6	35441374	35464853	 TEAD3
6	35465651	35480715	 TULP1
6	35541362	35696360	 FKBP5
6	35704809	35716856	 ARMC12
6	35744371	35747329	 CLPSL2
6	35748794	35761452	 CLPSL1
6	35762759	35765088	 CLPS
6	35773070	35801651	 LHFPL5
6	35800743	35889119	 SRPK1
6	35911291	35992645	 SLC26A8
6	35995488	36079013	 MAPK14
6	36095586	36107842	 MAPK13
6	36164521	36200567	 BRPF3
6	36210980	36276372	 PNPLA1
6	36283534	36304662	 C6orf222
6	36322419	36356164	 ETV7
6	36358328	36410666	 PXT1
6	36410544	36458920	 KCTD20
6	36461669	36515247	 STK38
6	36562145	36573377	 SRSF3
6	36644305	36655116	 CDKN1A
6	36683256	36699870	 RAB44
6	36708552	36807778	 CPNE5
6	36822603	36842800	 PPIL1
6	36839646	36896740	 C6orf89
6	36922209	36932613	 PI16
6	36935917	36954074	 MTCH1
6	36973422	36996846	 FGD2
6	37012607	37013177	 COX6A1P2
6	37137979	37143202	 PIM1
6	37179956	37225931	 TMEM217
6	37225548	37300746	 TBC1D22B
6	37321748	37362514	 RNF8
6	37400995	37450603	 CMTR1
6	37450696	37467698	 CCDC167
6	37600284	37667082	 MDGA1
6	37787275	38122400	 ZFAND3
6	38136227	38607924	 BTBD9
6	38643701	38670917	 GLO1
6	38683117	38998301	 DNAH8
6	39016574	39055519	 GLP1R
6	39071840	39082965	 SAYSD1
6	39156749	39197226	 KCNK5
6	39266777	39282329	 KCNK17
6	39282474	39290744	 KCNK16
6	39297766	39693181	 KIF6
6	39760142	39872648	 DAAM2
6	39867354	39902290	 MOCS1
6	40359325	40555204	 LRFN2
6	40994772	41006928	 UNC5CL
6	41001366	41065526	 OARD1
6	41010293	41012076	 TSPO2
6	41021043	41032250	 APOBEC2
6	41040684	41067715	 NFYA
6	41117080	41122075	 TREML1
6	41126244	41130924	 TREM2
6	41158015	41168932	 TREML2
6	41196062	41206620	 TREML4
6	41235664	41254457	 TREM1
6	41303393	41318625	 NCR2
6	41514164	41570122	 FOXP4
6	41604620	41621984	 MDFI
6	41651716	41703997	 TFEB
6	41653964	41654127	 AL035588.1
6	41704449	41721847	 PGC
6	41737914	41754280	 FRS3
6	41748087	41757879	 PRICKLE4
6	41755400	41757636	 TOMM6
6	41757634	41863099	 USP49
6	41873092	41888877	 MED20
6	41888926	41900784	 BYSL
6	41902671	42018095	 CCND3
6	42018251	42055199	 TAF8
6	42068856	42110357	 C6orf132
6	42123144	42147794	 GUCA1A
6	42123279	42131156	 RP1-139D8.6
6	42152139	42162654	 GUCA1B
6	42174539	42185603	 MRPS10
6	42192669	42419789	 TRERF1
6	42531800	42661242	 UBR2
6	42664340	42690312	 PRPH2
6	42712219	42714558	 TBCC
6	42749765	42836298	 GLTSCR1L
6	42847356	42857663	 RPL7L1
6	42858005	42858554	 C6orf226
6	42883727	42893573	 PTCRA
6	42896938	42907025	 CNPY3
6	42928496	42931618	 GNMT
6	42931608	42946958	 PEX6
6	42952237	42980080	 PPP2R5D
6	42979832	42981706	 MEA1
6	42981951	42989036	 KLHDC3
6	42989383	43001894	 RRP36
6	43005355	43021683	 CUL7
6	43008515	43042837	 KLC4
6	43021767	43027544	 MRPL2
6	43044006	43129457	 PTK7
6	43139037	43149243	 SRF
6	43149913	43192325	 CUL9
6	43193367	43197222	 DNPH1
6	43211418	43255997	 TTBK1
6	43263432	43273276	 SLC22A7
6	43267448	43276535	 CRIP3
6	43274872	43337216	 ZNF318
6	43395104	43418168	 ABCC10
6	43418090	43424370	 DLK2
6	43445261	43474294	 TJAP1
6	43474707	43478424	 LRRC73
6	43477440	43497323	 POLR1C
6	43479565	43484728	 YIPF3
6	43490072	43543812	 XPO5
6	43543887	43586701	 POLH
6	43573053	43596899	 GTPBP2
6	43597277	43608689	 MAD2L1BP
6	43612783	43640336	 RSPH9
6	43639040	43655528	 MRPS18A
6	43737921	43754224	 VEGFA
6	43968317	43973695	 C6orf223
6	44081194	44095194	 MRPL14
6	44094651	44123256	 TMEM63B
6	44126548	44152139	 CAPN11
6	44187242	44201888	 SLC29A1
6	44214824	44221620	 HSP90AB1
6	44221833	44225291	 SLC35B2
6	44225903	44233500	 NFKBIE
6	44238203	44275243	 TMEM151B
6	44240931	44346694	 RP11-444E17.6
6	44246480	44265458	 TCTE1
6	44267391	44281063	 AARS2
6	44310397	44344904	 SPATS1
6	44355262	44418163	 CDC5L
6	44400472	44400720	 AL133262.1
6	44777054	45345690	 SUPT3H
6	45295894	45632086	 RUNX2
6	45868045	46048132	 CLIC5
6	46097730	46114436	 ENPP4
6	46126924	46138708	 ENPP5
6	46188475	46459709	 RCAN2
6	46517541	46620523	 CYP39A1
6	46620678	46645930	 SLC25A27
6	46655612	46672056	 TDRD6
6	46671938	46703430	 PLA2G7
6	46714654	46727243	 ANKRD66
6	46761127	46807515	 MEP1A
6	46820249	46922680	 GPR116
6	46965440	47010099	 GPR110
6	47199268	47277641	 TNFRSF21
6	47445525	47594999	 CD2AP
6	47624172	47665533	 GPR111
6	47653600	47689757	 GPR115
6	47749718	47800516	 OPN5
6	47845764	48036425	 PTCHD4
6	49398073	49430904	 MUT
6	49431091	49460820	 CENPQ
6	49467671	49494760	 GLYATL3
6	49518113	49529620	 C6orf141
6	49572871	49604552	 RHAG
6	49660073	49681274	 CRISP2
6	49695097	49712150	 CRISP3
6	49753366	49755053	 PGK2
6	49801970	49844809	 CRISP1
6	49913814	49917157	 DEFB133
6	49927962	49931818	 DEFB114
6	49936390	49937338	 DEFB113
6	49976851	49989694	 DEFB110
6	50011288	50016364	 DEFB112
6	50681541	50740701	 TFAP2D
6	50786436	50815326	 TFAP2B
6	51480098	51952423	 PKHD1
6	52051185	52055436	 IL17A
6	52101479	52109335	 IL17F
6	52128807	52149679	 MCM3
6	52226219	52272575	 PAQR8
6	52285106	52387892	 EFHC1
6	52362200	52441713	 TRAM2
6	52535907	52551386	 TMEM14A
6	52614897	52628367	 GSTA2
6	52656462	52668708	 GSTA1
6	52696453	52710893	 GSTA5
6	52761437	52774483	 GSTA3
6	52842751	52860176	 GSTA4
6	52866077	52926600	 ICK
6	52916789	52965671	 FBXO9
6	52991762	53013627	 GCM1
6	53132196	53213947	 ELOVL5
6	53362139	53481768	 GCLC
6	53512699	53530506	 KLHL31
6	53659295	53788919	 LRRC1
6	53794780	54131078	 MLIP
6	54172657	54254950	 TINAG
6	54711569	54806820	 FAM83B
6	55039050	55147418	 HCRTR2
6	55192267	55267291	 GFRAL
6	55299167	55444012	 HMGCLL1
6	55618443	55740362	 BMP5
6	55921388	56258892	 COL21A1
6	56322785	56819426	 DST
6	56819773	56892140	 BEND6
6	56911347	56920023	 KIAA1586
6	56951642	57035105	 ZNF451
6	57037124	57054631	 BAG2
6	57053607	57087078	 RAB23
6	57179603	57513375	 PRIM2
6	62284008	62284534	 MTRNR2L9
6	62389865	62996132	 KHDRBS2
6	63921351	63922929	 FKBP1C
6	63985856	64029882	 LGSN
6	64231666	64293492	 PTP4A1
6	64345725	64489229	 PHF3
6	64429876	66417118	 EYS
6	69345259	70099403	 BAI3
6	70385694	70507003	 LMBRD1
6	70576463	70919679	 COL19A1
6	70924764	71012786	 COL9A1
6	71122644	71270877	 FAM135A
6	71276620	71299272	 C6orf57
6	71377479	71571718	 SMAP1
6	71566382	71666741	 B3GAT2
6	71998506	72018653	 OGFRL1
6	72596406	73112845	 RIMS1
6	73331520	73908574	 KCNQ5
6	73919469	73972919	 RP11-257K9.8
6	73933267	73935493	 KHDC1L
6	73951037	74020088	 KHDC1
6	74062785	74064018	 DPPA5
6	74072400	74073894	 KHDC3L
6	74078278	74104856	 OOEP
6	74104471	74127292	 DDX43
6	74123238	74161999	 MB21D1
6	74171301	74218959	 MTO1
6	74225473	74233520	 EEF1A1
6	74303102	74363878	 SLC17A5
6	74405508	74538040	 CD109
6	75794042	75915767	 COL12A1
6	75947391	75960039	 COX7A2
6	75962640	75994684	 TMEM30A
6	76001575	76203454	 FILIP1
6	76311225	76427997	 SENP6
6	76458909	76629254	 MYO6
6	76630832	76782395	 IMPG1
6	78171948	78173490	 HTR1B
6	78400375	78636691	 MEI4
6	79577189	79656157	 IRAK1BP1
6	79645584	79787953	 PHIP
6	79910962	79944406	 HMGN3
6	80194708	80247175	 LCA5
6	80341000	80413372	 SH3BGRL2
6	80624529	80657297	 ELOVL4
6	80713604	80752244	 TTK
6	80816364	81055987	 BCKDHB
6	82201156	82462491	 FAM46A
6	82262307	82262537	 AL359693.1
6	82879700	82957471	 IBTK
6	83072923	83080545	 TPBG
6	83602117	83775560	 UBE3D
6	83777385	83881069	 DOPEY1
6	83782692	83782854	 AL139333.1
6	83870869	83903655	 PGM3
6	83903098	83908651	 RWDD2A
6	83920108	84140797	 ME1
6	84222194	84235423	 PRSS35
6	84262599	84419410	 SNAP91
6	84562985	84567234	 RIPPLY2
6	84569362	84677143	 CYB5R4
6	84743475	84800600	 MRAP2
6	84833960	84937353	 KIAA1009
6	85397069	85474237	 TBX18
6	86159809	86205500	 NT5E
6	86215214	86303874	 SNX14
6	86267696	86324952	 RP11-321N4.5
6	86318053	86353510	 SYNCRIP
6	87647024	87726349	 HTR1E
6	87795216	87804824	 CGA
6	87862551	87973914	 ZNF292
6	87992696	88038996	 GJB7
6	88032301	88052043	 SMIM8
6	88032323	88109459	 RP1-102H19.8
6	88054567	88075181	 C6orf163
6	88106840	88109467	 C6orf164
6	88117701	88174183	 C6ORF165
6	88117730	88221352	 C6orf165
6	88180341	88222054	 SLC35A1
6	88224096	88299721	 RARS2
6	88299839	88377169	 ORC3
6	88384790	88411927	 AKIRIN2
6	88757507	88776550	 SPACA1
6	88849583	88876078	 CNR1
6	89319985	89673348	 RNGTT
6	89674246	89676685	 AL079342.1
6	89790470	89794879	 PNRC1
6	89805678	89827800	 SRSF12
6	89855769	89875284	 PM20D2
6	89887220	89940997	 GABRR1
6	89966927	90025018	 GABRR2
6	90036344	90062567	 UBE2J1
6	90074355	90121989	 RRAGD
6	90142889	90343553	 ANKRD6
6	90277863	90348472	 LYRM2
6	90352218	90529442	 MDN1
6	90604188	90605839	 GJA10
6	90636248	91006627	 BACH2
6	91223292	91296764	 MAP3K7
6	93949738	94129265	 EPHA7
6	96025419	96057333	 MANEA
6	96463860	96663488	 FUT9
6	96969471	97003152	 UFL1
6	97010424	97064512	 FHL5
6	97242002	97285353	 GPR63
6	97337189	97345757	 NDUFAF4
6	97372605	97588630	 KLHL32
6	97590037	97731093	 MMS22L
6	99282580	99286660	 POU3F2
6	99316420	99395849	 FBXL4
6	99719045	99797938	 FAXC
6	99817276	99842080	 COQ3
6	99845927	99873207	 PNISR
6	99880190	99969604	 USP45
6	99990256	100016849	 CCNC
6	100054606	100063454	 PRDM13
6	100367786	100442123	 MCHR2
6	100832891	100912805	 SIM1
6	100956070	101329248	 ASCC3
6	101846664	102517958	 GRIK2
6	105175968	105307794	 HACE1
6	105404923	105531207	 LIN28B
6	105544697	105585049	 BVES
6	105606155	105627870	 POPDC3
6	105725440	105850959	 PREP
6	106534195	106557814	 PRDM1
6	106632351	106773666	 ATG5
6	106959730	107018326	 AIM1
6	107018903	107077373	 RTN4IP1
6	107077453	107116292	 QRSL1
6	107349407	107372546	 C6orf203
6	107386386	107436473	 BEND3
6	107473761	107780768	 PDSS2
6	107811162	107981357	 SOBP
6	108025308	108145521	 SCML4
6	108188960	108279393	 SEC63
6	108362613	108487058	 OSTM1
6	108487262	108510013	 NR2E1
6	108532426	108582464	 SNX3
6	108616098	108847999	 LACE1
6	108881038	109005977	 FOXO3
6	109169619	109295186	 ARMC2
6	109307640	109416022	 SESN1
6	109416313	109485135	 CEP57L1
6	109687717	109703762	 CD164
6	109711418	109762374	 PPIL6
6	109761966	109765122	 SMPD2
6	109765265	109787171	 MICAL1
6	109783797	109804440	 ZBTB24
6	109814059	110012420	 AK9
6	110012499	110146631	 FIG4
6	110299514	110301921	 GPR6
6	110421022	110501207	 WASF1
6	110501344	110575478	 CDC40
6	110567131	110679475	 METTL24
6	110712974	110736765	 DDO
6	110745890	110797844	 SLC22A16
6	110931181	111137161	 CDK19
6	111195973	111216916	 AMD1
6	111279763	111289093	 GTF3C6
6	111303218	111349466	 RPF2
6	111408781	111552397	 SLC16A10
6	111580551	111592370	 KIAA1919
6	111620234	111804918	 REV3L
6	111877657	111927481	 TRAF3IP2
6	111981535	112194655	 FYN
6	112375275	112392171	 WISP3
6	112391980	112408732	 TUBE1
6	112408802	112423993	 FAM229B
6	112429963	112576141	 LAMA4
6	112668532	112672498	 RFPL4B
6	114178541	114184648	 MARCKS
6	114254192	114332472	 HDAC2
6	114376750	114664209	 HS3ST5
6	116252312	116381921	 FRK
6	116422012	116570660	 NT5DC1
6	116440086	116479910	 COL10A1
6	116442320	116443093	 AL121963.1
6	116571151	116575261	 TSPYL4
6	116575336	116762424	 DSE
6	116597741	116601066	 TSPYL1
6	116782533	116784934	 FAM26F
6	116816152	116866773	 TRAPPC3L
6	116832809	116845955	 FAM26E
6	116850174	116880031	 FAM26D
6	116892530	116918838	 RWDD1
6	116937642	116954148	 RSPH4A
6	116956781	116989957	 ZUFSP
6	117002350	117063029	 KPNA5
6	117073363	117086886	 FAM162B
6	117113248	117150200	 GPRC6A
6	117198375	117253326	 RFX6
6	117586721	117594728	 VGLL2
6	117609463	117747018	 ROS1
6	117639374	117923691	 GOPC
6	117774980	117891021	 DCBLD1
6	117996665	118031803	 NUS1
6	118228689	118638839	 SLC35F1
6	118781935	119031238	 CEP85L
6	118869461	118881893	 PLN
6	119134605	119256327	 MCM9
6	119215384	119230332	 ASF1A
6	119280928	119470552	 FAM184A
6	119498374	119670926	 MAN1A1
6	121400640	121655891	 TBC1D32
6	121756838	121770873	 GJA1
6	122720691	122754264	 HSF2
6	122764499	122792967	 SERINC1
6	122793076	123047518	 PKIB
6	123100620	123105219	 FABP7
6	123110315	123130865	 SMPDL3A
6	123317116	123394072	 CLVS2
6	123537483	123958238	 TRDN
6	124125286	125146803	 NKAIN2
6	125283691	125413779	 RNF217
6	125440195	125585553	 TPD52L1
6	125541108	125623282	 HDDC2
6	126068810	126082415	 HEY2
6	126102307	126252266	 NCOA7
6	126277927	126301387	 HINT3
6	126307576	126360422	 TRMT11
6	126661320	126670021	 CENPW
6	127439749	127518910	 RSPO3
6	127587755	127609712	 RNF146
6	127609855	127664754	 ECHDC1
6	127759551	127840500	 SOGA3
6	127759551	127840146	 SOGA3
6	127761488	127780536	 KIAA0408
6	127840600	127912962	 C6orf58
6	128029217	128239776	 THEMIS
6	128289924	128841870	 PTPRK
6	129204342	129837714	 LAMA2
6	129897277	130031370	 ARHGAP18
6	130152389	130182692	 TMEM244
6	130334844	130462594	 L3MBTL3
6	130465460	130686570	 SAMD3
6	130686879	130764208	 TMEM200A
6	131148546	131158275	 SMLR1
6	131160487	131384462	 EPB41L2
6	131456806	131604675	 AKAP7
6	131894284	131905472	 ARG1
6	131895106	131949369	 MED23
6	131949582	132068553	 ENPP3
6	132021520	132022635	 OR2A4
6	132029581	132032206	 CTAGE9
6	132129156	132216295	 ENPP1
6	132269316	132272513	 CTGF
6	132617194	132722684	 MOXD1
6	132767006	132834337	 STX7
6	132873832	132874860	 TAAR8
6	132891461	132892498	 TAAR6
6	132909731	132910877	 TAAR5
6	132938161	132945414	 TAAR2
6	132966123	132967142	 TAAR1
6	133002729	133035188	 VNN1
6	133043926	133055904	 VNN3
6	133065009	133084598	 VNN2
6	133090509	133119701	 SLC18B1
6	133135580	133138703	 RPS12
6	133561736	133853258	 EYA4
6	134210276	134216691	 TCF21
6	134273308	134311570	 TBPL1
6	134309835	134373774	 SLC2A12
6	134490384	134639250	 SGK1
6	135238528	135271260	 ALDH8A1
6	135281516	135424194	 HBS1L
6	135502453	135540311	 MYB
6	135604670	135818914	 AHI1
6	136172834	136516712	 PDE7B
6	136552162	136571473	 MTFR2
6	136578001	136610989	 BCLAF1
6	136663875	136871957	 MAP7
6	136878185	137113656	 MAP3K5
6	137143717	137235075	 PEX7
6	137243402	137246777	 SLC35D3
6	137321108	137366298	 IL20RA
6	137464968	137494785	 IL22RA2
6	137518621	137540586	 IFNGR1
6	137813336	137815531	 OLIG3
6	138188351	138204449	 TNFAIP3
6	138409642	138428648	 PERP
6	138483058	138665800	 KIAA1244
6	138537129	138539627	 PBOV1
6	138699042	138704212	 RP3-422G23.4
6	138724668	138743334	 HEBP2
6	138743180	139013708	 NHSL1
6	139094657	139114456	 CCDC28A
6	139117063	139225207	 ECT2L
6	139224630	139309398	 REPS1
6	139349819	139364439	 ABRACL
6	139456249	139501939	 HECA
6	139561198	139613276	 TXLNB
6	139693393	139695757	 CITED2
6	142379467	142409936	 NMBR
6	142454227	142456288	 GJE1
6	142468367	142545826	 VTA1
6	142622991	142767403	 GPR126
6	143072604	143266338	 HIVEP2
6	143381633	143661441	 AIG1
6	143743969	143771810	 ADAT2
6	143759575	143764295	 AL031320.1
6	143771944	143811147	 PEX3
6	143815948	143832827	 FUCA2
6	143857982	144152322	 PHACTR2
6	144128229	144165754	 RP3-468K18.5
6	144164481	144184949	 LTV1
6	144185573	144259483	 ZC2HC1B
6	144261437	144385735	 PLAGL1
6	144416018	144416754	 SF3B5
6	144471663	144509507	 STX11
6	144606837	145174170	 UTRN
6	145822719	146057160	 EPM2A
6	146114638	146135889	 FBXO30
6	146185381	146285559	 SHPRH
6	146348782	146758734	 GRM1
6	146864829	146876101	 RAB32
6	146920101	147136598	 ADGB
6	147525561	147706866	 STXBP5
6	147830063	148058683	 SAMD5
6	148593440	148873186	 SASH1
6	149068464	149398126	 UST
6	149539777	149732749	 TAB2
6	149721495	149722177	 SUMO4
6	149768794	149806197	 ZC3H12D
6	149825869	149867174	 PPIL4
6	149887430	149912884	 GINM1
6	149916009	149970108	 KATNA1
6	149979289	150039392	 LATS1
6	150045451	150070801	 NUP43
6	150070579	150132556	 PCMT1
6	150139934	150186199	 LRP11
6	150204511	150219238	 RAET1E
6	150238014	150244257	 RAET1G
6	150263136	150270371	 ULBP2
6	150285143	150294846	 ULBP1
6	150339470	150346668	 RAET1L
6	150384286	150390231	 ULBP3
6	150464212	150571493	 PPP1R14C
6	150690028	150727105	 IYD
6	150920999	151164799	 PLEKHG1
6	151186685	151423023	 MTHFD1L
6	151561134	151679692	 AKAP12
6	151685252	151712683	 ZBTB2
6	151725989	151773259	 RMND1
6	151773422	151791236	 C6orf211
6	151815165	151942328	 CCDC170
6	151977826	152450754	 ESR1
6	152442819	152958936	 SYNE1
6	153019030	153045702	 MYCT1
6	153071933	153080900	 VIP
6	153291664	153304714	 FBXO5
6	153308497	153323820	 MTRF1L
6	153325594	153452384	 RGS17
6	153552455	153668623	 AL590867.1
6	154331631	154568001	 OPRM1
6	154475631	154677926	 IPCEF1
6	154708638	154831793	 CNKSR3
6	155054459	155155192	 SCAF8
6	155153831	155578857	 TIAM2
6	155578643	155635627	 TFB1M
6	155585147	155597682	 CLDN20
6	155716504	155777037	 NOX3
6	157099063	157531913	 ARID1B
6	157710418	157744633	 TMEM242
6	157802165	158099178	 ZDHHC14
6	158244296	158366109	 SNX9
6	158402888	158520208	 SYNJ2
6	158530536	158589312	 SERAC1
6	158589384	158620376	 GTF2H5
6	158733692	158932860	 TULP4
6	158957468	159056460	 TMEM181
6	159047471	159049322	 AL591025.1
6	159057506	159065771	 DYNLT1
6	159071046	159185908	 SYTL3
6	159186773	159240444	 EZR
6	159290971	159331385	 C6orf99
6	159393903	159421219	 RSPH3
6	159455500	159466184	 TAGAP
6	159590429	159693141	 FNDC1
6	160090089	160183561	 SOD2
6	160146617	160177351	 WTAP
6	160181360	160200144	 ACAT2
6	160199530	160210781	 TCP1
6	160210844	160219468	 MRPL18
6	160221298	160241736	 PNLDC1
6	160327974	160329108	 MAS1
6	160390131	160534539	 IGF2R
6	160542821	160579750	 SLC22A1
6	160592093	160698670	 SLC22A2
6	160769300	160876014	 SLC22A3
6	160952515	161087407	 LPA
6	161123270	161174347	 PLG
6	161412759	161538417	 MAP3K4
6	161551011	161695093	 AGPAT4
6	161768452	163148803	 PARK2
6	163148164	163736524	 PACRG
6	163586446	163612840	 AL078585.1
6	163835032	163999628	 QKI
6	165693153	165723096	 C6orf118
6	165740776	166400091	 PDE10A
6	166307330	166309725	 SDIM1
6	166571144	166582188	 T
6	166719168	166721936	 PRR18
6	166733216	166756079	 SFT2D1
6	166778407	166796486	 MPC1
6	166822852	167319939	 RPS6KA2
6	166945369	166947709	 Z98049.1
6	167271582	167369612	 RP11-514O12.4
6	167342992	167370679	 RNASET2
6	167412670	167466201	 FGFR1OP
6	167525295	167553184	 CCR6
6	167559902	167610401	 TCP10L2
6	167569759	167571817	 GPR31
6	167684657	167729507	 UNC93A
6	167738574	167772991	 TTLL2
6	167770521	167797998	 TCP10
6	168185217	168197539	 C6orf123
6	168196210	168198927	 AL009178.1
6	168227602	168372703	 MLLT4
6	168396921	168445769	 KIF25
6	168456425	168482237	 FRMD1
6	168693510	168720434	 DACT2
6	168841831	169073984	 SMOC2
6	169615875	169654139	 THBS2
6	169857307	170102159	 WDR27
6	170102233	170106401	 C6orf120
6	170104001	170124151	 PHF10
6	170140210	170151655	 TCTE3
6	170151718	170181680	 ERMARD
6	170591294	170599561	 DLL1
6	170599791	170716153	 FAM120B
6	170844205	170862429	 PSMB1
6	170863390	170881958	 TBP
6	170884383	170893780	 PDCD2
