7	192969	300711	 FAM20C
7	227554	229557	 AC145676.2
7	302918	304070	 AC187652.1
7	536895	559933	 PDGFA
7	588834	767287	 PRKAR1B
7	766338	829190	 HEATR2
7	855528	936072	 SUN1
7	916189	936073	 GET4
7	937540	995043	 ADAP1
7	938415	1015235	 COX19
7	1022835	1029276	 CYP2W1
7	1036622	1177896	 C7orf50
7	1084212	1098897	 GPR146
7	1121844	1133451	 GPER1
7	1191707	1200395	 ZFAND2A
7	1272543	1276954	 UNCX
7	1468101	1499138	 MICALL2
7	1509913	1545489	 INTS1
7	1570350	1582679	 MAFK
7	1581871	1600457	 TMEM184A
7	1606966	1610641	 PSMG3
7	1727755	1787590	 ELFN1
7	1732446	1733961	 AC074389.6
7	1855429	2272878	 MAD1L1
7	1878222	1889567	 AC110781.3
7	2273866	2281840	 FTSJ2
7	2281857	2290781	 NUDT1
7	2291405	2393953	 SNX8
7	2393721	2420380	 EIF3B
7	2443223	2474242	 CHST12
7	2552163	2568811	 LFNG
7	2577511	2595361	 BRAT1
7	2598632	2654368	 IQCE
7	2671585	2704436	 TTYH3
7	2719156	2815134	 AMZ1
7	2767746	2883958	 GNA12
7	2945775	3083579	 CARD11
7	3179868	3214287	 AC091801.1
7	3341080	4308632	 SDK1
7	4683388	4811074	 FOXK1
7	4815253	4833943	 AP5Z1
7	4836686	4923350	 RADIL
7	4897364	4901625	 PAPOLB
7	4945620	4998844	 MMD2
7	5023349	5112852	 RBAK-RBAKDN
7	5085452	5109119	 RBAK
7	5229819	5273457	 WIPI2
7	5314000	5346501	 SLC29A4
7	5346421	5465045	 TNRC18
7	5470966	5553429	 FBXL18
7	5566782	5603415	 ACTB
7	5632439	5646286	 FSCN1
7	5659678	5821370	 RNF216
7	5919458	5925993	 OCM
7	5938356	5965605	 CCZ1
7	5965181	6010314	 RSPH10B
7	6012870	6048756	 PMS2
7	6048876	6063465	 AIMP2
7	6061881	6098861	 EIF2AK1
7	6071007	6076017	 ANKRD61
7	6144515	6201195	 USP42
7	6201407	6312275	 CYTH3
7	6369040	6388612	 FAM220A
7	6414154	6443608	 RAC1
7	6448757	6523821	 DAGLB
7	6485584	6523873	 KDELR2
7	6522922	6524873	 FLJ20306
7	6537093	6591067	 GRID2IP
7	6617065	6629005	 ZDHHC4
7	6629648	6648357	 C7orf26
7	6655248	6663921	 ZNF853
7	6713376	6715991	 AC073343.1
7	6728064	6746554	 ZNF12
7	6793740	6838996	 RSPH10B2
7	6833765	6866401	 CCZ1B
7	7196565	7288282	 C1GALT1
7	7395834	7575484	 COL28A1
7	7606503	7648560	 MIOS
7	7676149	7758238	 RPA3
7	7680342	8043689	 RPA3-AS1
7	8008425	8133902	 GLCCI1
7	8152814	8302317	 ICA1
7	8473585	8792593	 NXPH1
7	10971578	10979883	 NDUFA4
7	11013499	11209250	 PHF14
7	11409984	11871824	 THSD7A
7	12250867	12282993	 TMEM106B
7	12370511	12443567	 VWDE
7	12610203	12693228	 SCIN
7	12726481	12730559	 ARL4A
7	13930853	14031050	 ETV1
7	14184674	15014402	 DGKB
7	15239943	15601640	 AGMO
7	15650837	15726437	 MEOX2
7	16130817	16460947	 ISPD
7	16501106	16570205	 SOSTDC1
7	16566505	16621193	 LRRC72
7	16639401	16685442	 ANKMY2
7	16685756	16746148	 BZW2
7	16793160	16824161	 TSPAN13
7	16828866	16829246	 AC073333.1
7	16831435	16873057	 AGR2
7	16899029	16921611	 AGR3
7	17338246	17385776	 AHR
7	17830385	17980124	 SNX13
7	18066405	18067486	 PRPS1L1
7	18126572	19042039	 HDAC9
7	19060614	19157295	 TWIST1
7	19184405	19185044	 FERD3L
7	19735085	19748710	 TWISTNB
7	19758933	19813221	 TMEM196
7	20174278	20257027	 MACC1
7	20370325	20455377	 ITGB8
7	20654830	20816658	 ABCB5
7	20823906	20826505	 SP8
7	21467652	21554440	 SP4
7	21582833	21941457	 DNAH11
7	21940518	21985702	 CDCA7L
7	22157856	22396763	 RAPGEF5
7	22459063	22672544	 STEAP1B
7	22765503	22771621	 IL6
7	22852251	22862470	 TOMM7
7	22980878	23053749	 FAM126A
7	23145353	23217533	 KLHL7
7	23210760	23234503	 AC005082.1
7	23221446	23240630	 NUPL2
7	23275586	23314727	 GPNMB
7	23338358	23351348	 MALSU1
7	23349828	23510086	 IGF2BP3
7	23544399	23571660	 TRA2A
7	23636998	23684327	 CCDC126
7	23719749	23742868	 FAM221A
7	23749786	23872132	 STK31
7	24323782	24331484	 NPY
7	24612887	24733812	 MPP6
7	24737972	24809244	 DFNA5
7	24836158	25021253	 OSBPL3
7	25159710	25164980	 CYCS
7	25174316	25219975	 C7orf31
7	25264189	25268105	 NPVF
7	26191860	26226745	 NFE2L3
7	26229547	26241149	 HNRNPA2B1
7	26240782	26252976	 CBX3
7	26331541	26413949	 SNX10
7	26572740	26578407	 KIAA0087
7	26677490	26686889	 C7orf71
7	26706681	27034858	 SKAP2
7	27132612	27135615	 HOXA1
7	27139721	27142430	 HOXA2
7	27145803	27192200	 HOXA3
7	27168126	27170418	 HOXA4
7	27180671	27183287	 HOXA5
7	27185015	27190222	 HOXA6
7	27193335	27197555	 HOXA7
7	27202054	27210117	 HOXA9
7	27203154	27219632	 RP1-170O19.20
7	27210210	27219880	 HOXA10
7	27221129	27224842	 HOXA11
7	27233122	27239725	 HOXA13
7	27282164	27290112	 EVX1
7	27565061	27702614	 HIBADH
7	27778950	27884183	 TAX1BP1
7	27870192	28220362	 JAZF1
7	28338940	28865511	 CREB5
7	29034847	29235067	 CPVL
7	29161890	29553944	 CHN2
7	29603427	29606911	 PRR15
7	29846102	29956682	 WIPF3
7	29959719	30029905	 SCRN1
7	30050203	30066300	 FKBP14
7	30067020	30170096	 PLEKHA8
7	30174426	30202378	 MTURN
7	30323923	30452118	 ZNRF2
7	30464143	30518400	 NOD1
7	30536237	30591095	 GGCT
7	30634297	30673649	 GARS
7	30692200	30739745	 CRHR2
7	30737601	30797218	 INMT
7	30791753	30931696	 INMT-FAM188B
7	30811033	30932002	 FAM188B
7	30893010	30965131	 AQP1
7	30893010	30963427	 AQP1
7	30978284	31032869	 GHRHR
7	31092076	31151089	 ADCYAP1R1
7	31377075	31380508	 NEUROD6
7	31553704	31698334	 CCDC129
7	31726329	31748069	 PPP1R17
7	31790793	32338941	 PDE1C
7	32524951	32534895	 LSM5
7	32535038	33078516	 AVL9
7	32907784	32933743	 KBTBD2
7	32997017	33046543	 FKBP9
7	33053742	33102409	 NT5C3A
7	33134409	33149013	 RP9
7	33168856	33645680	 BBS9
7	33765593	33768068	 RP11-89N17.1
7	33944523	34195484	 BMPER
7	34685709	34699772	 AC005493.1
7	34697851	34917944	 NPSR1
7	34968488	35077883	 DPY19L1
7	35242042	35293758	 TBX20
7	35672269	35735181	 HERPUD2
7	35840542	35944917	 SEPT7
7	36118694	36125346	 PP13004
7	36192758	36341152	 EEPD1
7	36363830	36429734	 KIAA0895
7	36429415	36493400	 ANLN
7	36552456	36764154	 AOAH
7	36893961	37488852	 ELMO1
7	37723399	37873390	 GPR141
7	37723446	37991543	 EPDR1
7	37888199	37940003	 NME8
7	37945543	38065297	 SFRP4
7	38217824	38270272	 STARD3NL
7	38423305	38671167	 AMPH
7	38724946	38726637	 FAM183B
7	38762563	38971994	 VPS41
7	39017598	39532694	 POU6F2
7	39605975	39649919	 YAE1D1
7	39663082	39747723	 RALA
7	39989636	40136733	 CDK13
7	40165622	40174258	 MPLKIP
7	40174575	40900362	 SUGCT
7	41724712	41742706	 INHBA
7	42000548	42277469	 GLI3
7	42948325	42951904	 C7orf25
7	42948872	42971773	 PSMA2
7	42956460	42971822	 PSMA2
7	42971799	42988557	 MRPL32
7	43152198	43605600	 HECW1
7	43622357	43666385	 STK17A
7	43648055	43769316	 COA1
7	43798279	43846939	 BLVRA
7	43906157	43946188	 URGCP-MRPS24
7	43906157	43909492	 MRPS24
7	43915493	43966010	 URGCP
7	43966037	43995735	 UBE2D4
7	44040488	44049721	 SPDYE1
7	44084239	44109055	 DBNL
7	44102326	44105186	 PGAM2
7	44111846	44122139	 POLM
7	44143960	44154161	 AEBP1
7	44154286	44163957	 POLD2
7	44178463	44180931	 MYL7
7	44183872	44237769	 GCK
7	44240567	44253893	 YKT6
7	44256749	44374176	 CAMK2B
7	44418720	44530479	 NUDCD3
7	44552134	44580914	 NPC1L1
7	44605016	44614650	 DDX56
7	44617493	44621886	 TMED4
7	44646171	44748665	 OGDH
7	44788180	44809477	 ZMIZ2
7	44836279	44864163	 PPIA
7	44866390	44887682	 H2AFV
7	44915896	44924960	 PURB
7	45002261	45018697	 MYO1G
7	45039074	45116068	 CCM2
7	45120037	45128513	 NACAD
7	45139699	45151646	 TBRG4
7	45197390	45225901	 RAMP3
7	45613739	45762715	 ADCY1
7	45902684	45906045	 AC096582.1
7	45927956	45933267	 IGFBP1
7	45951949	45961473	 IGFBP3
7	46713383	46799449	 AC011294.3
7	47314752	47622156	 TNS3
7	47694842	47701246	 C7orf65
7	47735328	48019178	 HUS1
7	47814250	47988088	 PKD1L1
7	47834889	47859445	 C7orf69
7	48026745	48068716	 SUN3
7	48075108	48100901	 C7orf57
7	48128225	48148330	 UPP1
7	48211055	48687092	 ABCA13
7	48887362	48891221	 AC004899.1
7	49813257	49961546	 VWC2
7	49890017	50160925	 ZPBP
7	50135632	50199426	 C7orf72
7	50343720	50472799	 IKZF1
7	50511831	50518088	 FIGNL1
7	50526134	50633154	 DDC
7	50657760	50861159	 GRB10
7	51083909	51384515	 COBL
7	53103349	53104617	 POM121L12
7	54610018	54638773	 VSTM2A
7	54819943	54827667	 SEC61G
7	55086714	55324313	 EGFR
7	55433141	55501435	 LANCL2
7	55503749	55640681	 VOPP1
7	55861237	55930482	 SEPT14
7	55954970	56022932	 MRPS17
7	55955169	56009918	 ZNF713
7	56019486	56067874	 GBAS
7	56019512	56024192	 MRPS17
7	56078744	56119297	 PSPH
7	56119323	56131682	 CCT6A
7	56131695	56148363	 SUMF2
7	56148440	56160689	 PHKG1
7	56169262	56174269	 CHCHD2
7	56182374	56184093	 NUPR1L
7	57187321	57207571	 ZNF479
7	57509883	57533252	 ZNF716
7	62809239	62812151	 AC006455.1
7	62858414	62858860	 AC073188.1
7	63505821	63538927	 ZNF727
7	63688852	63727309	 ZNF679
7	63767837	63815238	 ZNF736
7	63980262	64023484	 ZNF680
7	64126511	64171404	 ZNF107
7	64254766	64294054	 ZNF138
7	64330550	64391344	 ZNF273
7	64432154	64467062	 ZNF117
7	64451187	64467121	 ERV3-1
7	64838712	64866038	 ZNF92
7	65112081	65113280	 AC104057.1
7	65338254	65424550	 VKORC1L1
7	65425671	65447301	 GUSB
7	65540785	65558545	 ASL
7	65552756	65617228	 AC068533.7
7	65579591	65619555	 CRCP
7	65670186	65885530	 TPST1
7	65939543	65940709	 AC008267.1
7	66093868	66276446	 KCTD7
7	66147151	66276451	 RABGEF1
7	66386212	66423538	 TMEM248
7	66452664	66460588	 SBDS
7	66460160	66704501	 TYW1
7	69063905	70258054	 AUTS2
7	70597155	71178585	 WBSCR17
7	71244476	71912136	 CALN1
7	72349936	72421979	 POM121
7	72430016	72439997	 TRIM74
7	72459478	72464996	 AC005488.1
7	72716514	72722864	 NSUN5
7	72726535	72742085	 TRIM50
7	72742167	72772634	 FKBP6
7	72848109	72850450	 FZD9
7	72854728	72936608	 BAZ1B
7	72950686	72972332	 BCL7B
7	72983262	72993121	 TBL2
7	73007524	73038873	 MLXIPL
7	73082155	73086442	 VPS37D
7	73095299	73097783	 DNAJC30
7	73097355	73119491	 WBSCR22
7	73113536	73134002	 STX1A
7	73150424	73153197	 ABHD11
7	73183328	73184600	 CLDN3
7	73213872	73247014	 CLDN4
7	73248920	73256865	 WBSCR27
7	73275489	73280223	 WBSCR28
7	73442119	73484237	 ELN
7	73497263	73536855	 LIMK1
7	73588575	73611431	 EIF4H
7	73613982	73644161	 LAT2
7	73645829	73668774	 RFC2
7	73703805	73820273	 CLIP2
7	73868120	74016931	 GTF2IRD1
7	74071994	74175026	 GTF2I
7	74188309	74203659	 NCF1
7	74210483	74267847	 GTF2IRD2
7	74379083	74438803	 GATSL1
7	74441226	74490064	 WBSCR16
7	74508364	74565623	 GTF2IRD2B
7	74807499	74867509	 GATSL2
7	74999908	75005425	 AC006014.1
7	75024337	75040279	 TRIM73
7	75046066	75115548	 POM121C
7	75162621	75368280	 HIP1
7	75398851	75419214	 CCL26
7	75440983	75452674	 CCL24
7	75471920	75518244	 RHBDD2
7	75528518	75616173	 POR
7	75625656	75677322	 STYXL1
7	75677369	75696826	 MDH2
7	75831216	75916605	 SRRM3
7	75931861	75933612	 HSPB1
7	75956116	75988348	 YWHAG
7	76018651	76039012	 SRCRB4D
7	76026835	76071388	 ZP3
7	76090993	76135312	 DTX2
7	76139745	76648340	 UPK3B
7	76239303	76256578	 POMZP3
7	76751751	76958850	 CCDC146
7	76822688	76829143	 FGL2
7	76940068	77045717	 GSAP
7	77166592	77269388	 PTPN12
7	77325760	77412339	 RSBN1L
7	77423045	77427897	 TMEM60
7	77428122	77586818	 PHTF2
7	77646393	79082890	 MAGI2
7	79763271	79848718	 GNAI1
7	79998891	80308593	 CD36
7	80087987	80141336	 GNAT3
7	80371854	80551675	 SEMA3C
7	80804824	80828431	 AC005008.2
7	81328322	81399754	 HGF
7	81575760	82073114	 CACNA2D1
7	82383329	82792246	 PCLO
7	82993222	83278326	 SEMA3E
7	83585093	84122040	 SEMA3A
7	84624869	84816171	 SEMA3D
7	86273230	86494200	 GRM3
7	86506222	86689015	 KIAA1324L
7	86781677	86825653	 DMTF1
7	86825478	86849903	 TMEM243
7	86974997	87029111	 CROT
7	87031013	87109751	 ABCB4
7	87133175	87342611	 ABCB1
7	87256864	87461611	 RUNDC3B
7	87462883	87505672	 SLC25A40
7	87505531	87538856	 DBF4
7	87563458	87832204	 ADAM22
7	87834433	87856308	 SRI
7	87905744	87936206	 STEAP4
7	88388682	88966346	 ZNF804B
7	88423420	88425035	 C7orf62
7	89783689	89794143	 STEAP1
7	89796904	89867451	 STEAP2
7	89874488	89940377	 C7orf63
7	89964537	90020769	 GTPBP10
7	90013035	90142716	 CLDN12
7	90095738	90839905	 CDK14
7	90893783	90898123	 FZD1
7	91321323	91510034	 MTERF
7	91570181	91739987	 AKAP9
7	91741465	91772266	 CYP51A1
7	91741473	91808845	 LRRD1
7	91828283	91875480	 KRIT1
7	91875548	92030698	 ANKIB1
7	92076767	92088150	 GATAD1
7	92097694	92107300	 ERVW-1
7	92116334	92157845	 PEX1
7	92158087	92167319	 RBM48
7	92190107	92219708	 FAM133B
7	92234235	92465908	 CDK6
7	92728829	92747336	 SAMD9
7	92759368	92777682	 SAMD9L
7	92817899	92855837	 HEPACAM2
7	92861653	92988338	 CCDC132
7	93053799	93204042	 CALCR
7	93220885	93540577	 GNGT1
7	93514709	93520303	 TFPI2
7	93551011	93557922	 GNG11
7	93592074	93633694	 BET1
7	94023873	94060544	 COL1A2
7	94138531	94186331	 CASD1
7	94214542	94285521	 SGCE
7	94285637	94299007	 PEG10
7	94536514	94925727	 PPP1R9A
7	94926988	95025673	 PON1
7	94989256	95025680	 PON3
7	95034175	95064510	 PON2
7	95107756	95169544	 ASB4
7	95171457	95173854	 AC002451.1
7	95212811	95225803	 PDK4
7	95401866	95739634	 DYNC1I1
7	95749532	95951459	 SLC25A13
7	96110938	96339203	 SHFM1
7	96110938	96132835	 C7orf76
7	96634860	96640351	 DLX6
7	96649704	96654409	 DLX5
7	96745902	96811075	 ACN9
7	97361220	97369784	 TAC1
7	97481430	97501854	 ASNS
7	97613996	97620481	 OCM2
7	97736197	97838945	 LMTK2
7	97840739	97842291	 BHLHA15
7	97843936	97881563	 TECPR1
7	97881691	97937162	 BRI3
7	97920963	98030380	 BAIAP2L1
7	98246609	98259180	 NPTX2
7	98444111	98468394	 TMEM130
7	98475556	98610866	 TRRAP
7	98625061	98741723	 SMURF1
7	98771197	98805129	 KPNA7
7	98923521	98985787	 ARPC1A
7	98971872	98992424	 ARPC1B
7	98989671	99006452	 PDAP1
7	99006264	99017239	 BUD31
7	99014362	99063787	 PTCD1
7	99017372	99063820	 ATP5J2-PTCD1
7	99036545	99054994	 CPSF4
7	99040552	99040747	 AC073063.1
7	99046098	99063954	 ATP5J2
7	99070464	99101273	 ZNF789
7	99084142	99097947	 ZNF394
7	99102274	99132323	 ZKSCAN5
7	99143931	99156159	 FAM200A
7	99156029	99174076	 ZNF655
7	99156291	99205433	 GS1-259H13.10
7	99214569	99230030	 ZSCAN25
7	99245817	99277621	 CYP3A5
7	99302660	99332819	 CYP3A7
7	99354604	99381888	 CYP3A4
7	99425636	99463718	 CYP3A43
7	99473610	99474680	 OR2AE1
7	99474581	99517223	 TRIM4
7	99520892	99527243	 GJC3
7	99564343	99573780	 AZGP1
7	99613204	99639312	 ZKSCAN1
7	99647390	99662661	 ZSCAN21
7	99661656	99680171	 ZNF3
7	99686577	99689823	 COPS6
7	99690351	99699563	 MCM7
7	99699172	99707968	 AP4M1
7	99704693	99717464	 TAF6
7	99717236	99723134	 CNPY4
7	99724317	99726118	 MBLAC1
7	99746530	99753567	 LAMTOR4
7	99752043	99756338	 C7orf43
7	99756867	99766373	 GAL3ST4
7	99767229	99774995	 GPC2
7	99775186	99819111	 STAG3
7	99798283	99869855	 GATS
7	99815864	99819113	 PVRIG
7	99905325	99919819	 SPDYE3
7	99933737	99965356	 PILRB
7	99965153	99997719	 PILRA
7	99998449	100026615	 ZCWPW1
7	100026413	100031741	 MEPCE
7	100032905	100034188	 PPP1R35
7	100054238	100061894	 C7orf61
7	100060982	100076902	 TSC22D4
7	100081550	100092422	 NYAP1
7	100136834	100165842	 AGFG2
7	100169855	100183776	 LRCH4
7	100169855	100171270	 SAP25
7	100181605	100198740	 FBXO24
7	100199800	100205798	 PCOLCE
7	100209725	100213007	 MOSPD3
7	100218039	100240402	 TFR2
7	100240720	100254084	 ACTL6B
7	100271154	100276797	 GNB2
7	100277130	100287071	 GIGYF1
7	100303676	100305118	 POP7
7	100318423	100321323	 EPO
7	100400187	100425121	 EPHB4
7	100424442	100464631	 SLC12A9
7	100464760	100471076	 TRIP6
7	100472733	100486285	 SRRT
7	100486346	100487339	 UFSP1
7	100487615	100494594	 ACHE
7	100547187	100611118	 MUC3A
7	100547257	100550424	 MUC3A
7	100612904	100662230	 MUC12
7	100663353	100702020	 MUC17
7	100728720	100735017	 TRIM56
7	100770370	100782547	 SERPINE1
7	100797678	100804877	 AP1S1
7	100805790	100808874	 VGF
7	100813774	100823557	 NAT16
7	100838288	100844302	 MOGAT3
7	100849258	100861701	 PLOD3
7	100860949	100867471	 ZNHIT1
7	100875373	100882101	 CLDN15
7	100882739	100895597	 FIS1
7	100956975	100965104	 RABL5
7	101256605	101272576	 MYL10
7	101458959	101927249	 CUX1
7	101928405	101962178	 SH2B2
7	102004319	102067123	 PRKRIP1
7	102073553	102097268	 ORAI2
7	102096685	102105323	 ALKBH4
7	102105376	102113615	 LRWD1
7	102113565	102119354	 POLR2J
7	102122892	102158228	 RASA4B
7	102178365	102213103	 POLR2J3
7	102181948	102232891	 RP11-514P8.7
7	102191679	102202755	 SPDYE2
7	102220093	102257204	 RASA4
7	102222970	102283316	 RP11-514P8.6
7	102277472	102283238	 UPK3BL
7	102277474	102312076	 POLR2J2
7	102277496	102312088	 POLR2J2
7	102290772	102301847	 SPDYE2B
7	102389418	102449672	 FAM185A
7	102453308	102715286	 FBXL13
7	102553438	102585396	 LRRC17
7	102715328	102740205	 ARMC10
7	102740223	102790007	 NAPEPLD
7	102937869	102969958	 PMPCB
7	102952921	102985320	 DNAJC2
7	102984701	103009842	 PSMC2
7	102993177	103086624	 SLC26A5
7	103112231	103629963	 RELN
7	103766788	103848495	 ORC5
7	103969104	104549001	 LHFPL3
7	104654626	104754808	 KMT2E
7	104751151	105039755	 SRPK2
7	105080108	105162714	 PUS7
7	105172532	105208124	 RINT1
7	105205567	105241322	 EFCAB10
7	105245514	105517050	 ATXN7L1
7	105517242	105676877	 CDHR3
7	105730949	105753022	 SYPL1
7	105888731	105926772	 NAMPT
7	106297211	106301442	 CCDC71L
7	106505723	106547590	 PIK3CG
7	106685094	106802256	 PRKAR2B
7	106809406	106842974	 HBP1
7	106842000	107204959	 COG5
7	107110463	107116098	 GPR22
7	107203929	107218906	 DUS4L
7	107220422	107269615	 BCAP29
7	107301080	107358254	 SLC26A4
7	107384142	107402112	 CBLL1
7	107405912	107443670	 SLC26A3
7	107531415	107572175	 DLD
7	107564244	107643700	 LAMB1
7	107663993	107770801	 LAMB4
7	107788068	108097161	 NRCAM
7	108110866	108210110	 PNPLA8
7	108194987	108210194	 THAP5
7	108210012	108215294	 DNAJB9
7	108524032	108524644	 C7orf66
7	108540389	108540655	 FLJ00325
7	110303110	111202573	 IMMP2L
7	110731062	110765510	 LRRN3
7	111366166	111846466	 DOCK4
7	111846643	111983151	 ZNF277
7	112063023	112121072	 IFRD1
7	112120908	112131117	 LSMEM1
7	112402437	112430647	 TMEM168
7	112459202	112579971	 C7orf60
7	112718386	112727833	 GPR85
7	112756773	112758668	 LINC00998
7	113091127	113091457	 TSRM
7	113516832	113715975	 PPP1R3A
7	113726382	114333827	 FOXP2
7	114562209	114659256	 MDFIC
7	115575202	115799950	 TFEC
7	115850547	115898837	 TES
7	115927434	116148595	 CAV2
7	116164839	116201233	 CAV1
7	116312444	116438440	 MET
7	116451124	116562103	 CAPZA2
7	116593292	116870157	 ST7
7	116593953	116738860	 ST7-OT4
7	116605900	116607526	 AC106873.4
7	116916685	116963343	 WNT2
7	117003276	117068177	 ASZ1
7	117105838	117356025	 CFTR
7	117350705	117514193	 CTTNBP2
7	117824086	117832878	 NAA38
7	117854727	117882785	 ANKRD7
7	119913722	120390385	 KCND2
7	120427376	120498456	 TSPAN12
7	120590803	120617270	 ING3
7	120628731	120937498	 CPED1
7	120965421	120981158	 WNT16
7	120988905	121036418	 FAM3C
7	121513143	121702090	 PTPRZ1
7	121715701	121784334	 AASS
7	121941448	121950745	 FEZF1
7	121958481	122526813	 CADPS2
7	122337766	122339210	 RNF133
7	122341718	122343021	 RNF148
7	122634759	122635754	 TAS2R16
7	122753585	122840040	 SLC13A1
7	123092454	123175131	 IQUB
7	123177051	123198309	 NDUFA5
7	123207064	123277951	 ASB15
7	123295861	123304344	 LMOD2
7	123321989	123389121	 WASL
7	123469037	123517532	 HYAL4
7	123565286	123611468	 SPAM1
7	123670973	123673523	 TMEM229A
7	124386051	124405681	 GPR37
7	124462440	124570037	 POT1
7	126078652	126893348	 GRM8
7	126986844	127071978	 ZNF800
7	127220672	127233665	 GCC1
7	127228399	127231759	 ARF5
7	127231463	127242198	 FSCN3
7	127250346	127255982	 PAX4
7	127292234	127732661	 SND1
7	127667124	127672160	 LRRC4
7	127881337	127897681	 LEP
7	127937738	127983962	 RBM28
7	127990379	128001739	 PRRT4
7	128032331	128050306	 IMPDH1
7	128095903	128098472	 HILPDA
7	128116783	128146656	 METTL2B
7	128312342	128326929	 FAM71F2
7	128349115	128371797	 FAM71F1
7	128379346	128411861	 CALU
7	128412545	128415844	 OPN1SW
7	128430811	128462186	 CCDC136
7	128470431	128499328	 FLNC
7	128502880	128505898	 ATP6V1F
7	128577666	128590089	 IRF5
7	128594948	128695198	 TNPO3
7	128784712	128808671	 TSPAN33
7	128828713	128853386	 SMO
7	128864864	129070052	 AHCYL2
7	129074274	129128240	 STRIP2
7	129142320	129152773	 SMKR1
7	129251555	129396922	 NRF1
7	129470572	129592789	 UBE2H
7	129658126	129691291	 ZC3HC1
7	129710350	129775560	 KLHDC10
7	129804555	129847610	 TMEM209
7	129847700	129856683	 SSMEM1
7	129906667	129929638	 CPA2
7	129932974	129964020	 CPA4
7	129984630	130008571	 CPA5
7	130020180	130027955	 CPA1
7	130033612	130082274	 CEP41
7	130126012	130146133	 MEST
7	130146089	130353598	 COPG2
7	130353488	130372268	 TSGA13
7	130417401	130418888	 KLF14
7	130794855	131181395	 MKLN1
7	131185021	131242976	 PODXL
7	131808091	132333447	 PLXNA4
7	132333553	132413528	 AC009365.3
7	132469629	132766848	 CHCHD3
7	132937829	133751342	 EXOC4
7	133812052	133949343	 LRGUK
7	133974084	134001803	 SLC35B4
7	134127102	134144036	 AKR1B1
7	134212344	134226160	 AKR1B10
7	134233888	134264627	 AKR1B15
7	134331560	134364565	 BPGM
7	134429003	134655479	 CALD1
7	134671259	134832715	 AGBL3
7	134777115	134855547	 C7orf49
7	134832797	134832916	 AC083862.1
7	134832824	134850967	 TMEM140
7	134868590	134896316	 WDR91
7	134916731	134943244	 STRA8
7	135046547	135194875	 CNOT4
7	135242667	135333505	 NUP205
7	135347244	135378166	 C7orf73
7	135365985	135414006	 SLC13A4
7	135413096	135433594	 FAM180A
7	135611509	135662101	 MTPN
7	135611542	135613214	 AC015987.2
7	135612022	135612198	 LUZP6
7	136553416	136705002	 CHRM2
7	136912088	137028611	 PTN
7	137065783	137531838	 DGKI
7	137559725	137686813	 CREB3L2
7	137687070	137802732	 AKR1D1
7	138145079	138274738	 TRIM24
7	138279030	138386097	 SVOPL
7	138391040	138484305	 ATP6V0A4
7	138482695	138522846	 TMEM213
7	138516126	138666064	 KIAA1549
7	138710452	138720775	 ZC3HAV1L
7	138728266	138794465	 ZC3HAV1
7	138818490	138876732	 TTC26
7	138915102	138992982	 UBN2
7	139024203	139031065	 C7orf55
7	139025105	139108198	 C7orf55-LUC7L2
7	139026106	139107345	 LUC7L2
7	139137436	139168458	 KLRG2
7	139208602	139229730	 CLEC2L
7	139246316	139477577	 HIPK2
7	139476850	139720125	 TBXAS1
7	139723544	139763521	 PARP12
7	139784546	139876835	 KDM7A
7	139993493	140104233	 SLC37A3
7	140103843	140126050	 RAB19
7	140152840	140179369	 MKRN1
7	140218220	140373793	 DENND2A
7	140372953	140396061	 ADCK2
7	140390577	140422590	 NDUFB2
7	140419127	140624564	 BRAF
7	140705854	140715028	 MRPS33
7	140774032	141180180	 TMEM178B
7	141250989	141355044	 AGK
7	141356528	141401953	 KIAA1147
7	141408153	141431071	 WEE2
7	141438121	141487722	 SSBP1
7	141463897	141464997	 TAS2R3
7	141478242	141479235	 TAS2R4
7	141490017	141491166	 TAS2R5
7	141536086	141541287	 PRSS37
7	141607613	141806547	 MGAM
7	141618617	141619709	 OR9A4
7	141627157	141646807	 CLEC5A
7	141672431	141673573	 TAS2R38
7	141811549	141922124	 RP11-1220K2.2
7	141951963	141957878	 PRSS58
7	142374104	142375550	 MTRNR2L6
7	142457319	142460923	 PRSS1
7	142552792	142568847	 EPHB6
7	142568956	142583507	 TRPV6
7	142605267	142630905	 TRPV5
7	142636440	142637955	 C7orf34
7	142638201	142659768	 KEL
7	142723245	142724282	 OR9A2
7	142749417	142750444	 OR6V1
7	142829170	142836839	 PIP
7	142880512	142881528	 TAS2R39
7	142919130	142920162	 TAS2R40
7	142919163	142919360	 AC073342.1
7	142941186	142967947	 GSTK1
7	142977050	142985141	 TMEM139
7	142985308	143004789	 CASP2
7	143013219	143049176	 CLCN1
7	143050493	143059863	 FAM131B
7	143078173	143088204	 ZYX
7	143087382	143105985	 EPHA1
7	143140546	143141502	 TAS2R60
7	143174966	143175889	 TAS2R41
7	143268894	143271480	 CTAGE15
7	143318043	143427502	 FAM115C
7	143452182	143454789	 CTAGE6
7	143548468	143599291	 FAM115A
7	143632259	143633372	 OR2F2
7	143657027	143658108	 OR2F1
7	143701022	143702068	 OR6B1
7	143747461	143748473	 OR2A5
7	143771275	143772288	 OR2A25
7	143792141	143793186	 OR2A12
7	143806607	143807657	 OR2A2
7	143826151	143827162	 OR2A14
7	143880559	143883146	 CTAGE4
7	143883176	143991230	 ARHGEF35
7	143929004	143929936	 OR2A42
7	143955700	143956815	 OR2A7
7	143963794	143966381	 CTAGE8
7	144015218	144016150	 OR2A1
7	144052381	144077725	 ARHGEF5
7	144094333	144107320	 NOBOX
7	144149034	144533488	 TPK1
7	145813453	148118090	 CNTNAP2
7	148287657	148312952	 C7orf33
7	148395006	148498128	 CUL1
7	148504475	148581413	 EZH2
7	148700154	148725733	 PDIA4
7	148766735	148787874	 ZNF786
7	148799876	148823438	 ZNF425
7	148823508	148880116	 ZNF398
7	148892577	148923339	 ZNF282
7	148936742	148952700	 ZNF212
7	148959262	148994393	 ZNF783
7	149128454	149158214	 ZNF777
7	149169885	149194908	 ZNF746
7	149411872	149431664	 KRBA1
7	149461271	149470568	 ZNF467
7	149535456	149564568	 ZNF862
7	149570057	149577784	 ATP6V0E2
7	149941005	150020814	 ACTR3C
7	150019728	150035239	 LRRC61
7	150026938	150029808	 ZBED6CL
7	150035408	150038763	 RARRES2
7	150065278	150071133	 REPIN1
7	150065879	150109558	 ZNF775
7	150147718	150176480	 GIMAP8
7	150211918	150218161	 GIMAP7
7	150264365	150271041	 GIMAP4
7	150322463	150329473	 GIMAP6
7	150382785	150390729	 GIMAP2
7	150413645	150421372	 GIMAP1
7	150419341	150447121	 GIMAP5
7	150488373	150498448	 TMEM176B
7	150497491	150502208	 TMEM176A
7	150521715	150558592	 AOC1
7	150642049	150675403	 KCNH2
7	150688083	150711676	 NOS3
7	150709297	150721586	 ATG9B
7	150725510	150744869	 ABCB8
7	150745379	150749843	 ASIC3
7	150750899	150755617	 CDK5
7	150754297	150773614	 SLC4A2
7	150773711	150777953	 FASTK
7	150778167	150780633	 TMUB1
7	150782918	150841523	 AGAP3
7	150845676	150871832	 GBX1
7	150872785	150884919	 ASB10
7	150904923	150924316	 ABCF2
7	150929575	150935908	 CHPF2
7	150935850	150974982	 SMARCD3
7	151038785	151075535	 NUB1
7	151072995	151107813	 WDR86
7	151125921	151137899	 CRYGN
7	151163098	151217206	 RHEB
7	151253197	151574210	 PRKAG2
7	151653464	151717019	 GALNTL5
7	151722759	151819425	 GALNT11
7	151832010	152133090	 KMT2C
7	152341864	152373250	 XRCC2
7	152456834	152552463	 ACTR3B
7	153584182	154685995	 DPP6
7	154720208	154741618	 PAXIP1-AS2
7	154735397	154794794	 PAXIP1
7	154858777	154863267	 HTR5A-AS1
7	154862034	154877459	 HTR5A
7	154988273	154990165	 AC099552.4
7	155089486	155101945	 INSIG1
7	155149680	155160629	 BLACE
7	155174771	155189051	 AC008060.7
7	155250824	155257526	 EN2
7	155266901	155326557	 CNPY1
7	155403925	155437899	 AC009403.2
7	155437145	155574179	 RBM33
7	155592680	155604967	 SHH
7	155755326	155759037	 AC021218.2
7	156431057	156433348	 C7orf13
7	156432975	156469824	 RNF32
7	156461646	156685924	 LMBR1
7	156742417	156765876	 NOM1
7	156786745	156803345	 MNX1
7	156902674	156903764	 AC006967.1
7	156931607	157062066	 UBE3C
7	157128075	157210133	 DNAJB6
7	157318477	157320019	 AC006372.1
7	157331750	158380480	 PTPRN2
7	157406715	157411457	 AC005481.5
7	158424003	158497520	 NCAPG2
7	158523686	158622944	 ESYT2
7	158649269	158749438	 WDR60
7	158820866	158937649	 VIPR2
